X = [0.125216 0.118191 0.134819 0.143149 0.129659 0.128280 0.127434 0.133769 0.118561 0.171790 0.442634 0.121729 0.088138 0.150268 0.107104 0.128445 0.145769 0.138840 0.142355 0.153922 ;
0.125187 0.118308 0.134608 0.142168 0.129634 0.128272 0.127863 0.133735 0.118570 0.173288 0.454743 0.121735 0.087259 0.150142 0.107110 0.128480 0.145741 0.138959 0.142195 0.154258 ;
0.125187 0.118306 0.134611 0.142182 0.129635 0.128272 0.127857 0.133736 0.118570 0.173267 0.454573 0.121735 0.087272 0.150144 0.107110 0.128479 0.145741 0.138957 0.142197 0.154253 ;
0.125187 0.118305 0.134612 0.142187 0.129635 0.128272 0.127855 0.133734 0.118570 0.173259 0.454515 0.121735 0.087276 0.150145 0.107110 0.128480 0.145742 0.138957 0.142199 0.154251 ;
0.125186 0.118310 0.134603 0.142147 0.129634 0.128272 0.127873 0.133735 0.118570 0.173321 0.455011 0.121735 0.087240 0.150139 0.107110 0.128480 0.145740 0.138962 0.142192 0.154265 ;
0.125185 0.118312 0.134601 0.142134 0.129634 0.128272 0.127879 0.133734 0.118571 0.173340 0.455169 0.121735 0.087229 0.150138 0.107110 0.128481 0.145740 0.138963 0.142190 0.154270 ;
0.125185 0.118312 0.134600 0.142131 0.129634 0.128272 0.127880 0.133734 0.118571 0.173344 0.455202 0.121735 0.087226 0.150137 0.107110 0.128481 0.145740 0.138963 0.142189 0.154270 ;
0.125216 0.118193 0.134816 0.143131 0.129658 0.128280 0.127442 0.133768 0.118561 0.171818 0.442861 0.121729 0.088121 0.150266 0.107105 0.128446 0.145768 0.138842 0.142352 0.153928 ;
0.125216 0.118191 0.134821 0.143154 0.129659 0.128280 0.127432 0.133769 0.118561 0.171782 0.442568 0.121729 0.088143 0.150269 0.107104 0.128444 0.145769 0.138839 0.142356 0.153920 ;
0.125217 0.118189 0.134824 0.143170 0.129659 0.128280 0.127425 0.133770 0.118561 0.171757 0.442366 0.121729 0.088158 0.150271 0.107104 0.128444 0.145769 0.138837 0.142359 0.153914 ;
0.125186 0.118309 0.134605 0.142155 0.129634 0.128272 0.127869 0.133735 0.118570 0.173308 0.454905 0.121735 0.087248 0.150140 0.107110 0.128480 0.145741 0.138960 0.142193 0.154262 ;
0.125216 0.118192 0.134818 0.143144 0.129659 0.128280 0.127436 0.133769 0.118561 0.171798 0.442696 0.121729 0.088133 0.150268 0.107105 0.128445 0.145769 0.138840 0.142354 0.153924 ;
0.125181 0.118256 0.134679 0.142589 0.129630 0.128267 0.127646 0.133774 0.118566 0.172628 0.449016 0.121763 0.087670 0.150127 0.107114 0.128446 0.145744 0.138882 0.142283 0.154097 ;
0.125186 0.118310 0.134603 0.142145 0.129634 0.128272 0.127874 0.133734 0.118570 0.173324 0.455034 0.121735 0.087239 0.150139 0.107110 0.128480 0.145740 0.138962 0.142191 0.154266 ;
0.125215 0.118196 0.134809 0.143116 0.129658 0.128279 0.127445 0.133769 0.118561 0.171836 0.442967 0.121729 0.088114 0.150260 0.107105 0.128445 0.145768 0.138843 0.142348 0.153931 ;
0.125216 0.118193 0.134817 0.143137 0.129659 0.128280 0.127439 0.133768 0.118561 0.171808 0.442780 0.121729 0.088127 0.150267 0.107105 0.128445 0.145768 0.138841 0.142353 0.153926 ;
];
X_settling = [];
X_settling_pattern = [];
