X = [0.959181 0.118306 0.032588 0.035097 0.645994 0.057259 0.064513 0.837278 0.024452 0.028794 0.741506 0.014131 0.302134 0.861678 0.030351 0.879181 0.676803 0.736517 0.688860 0.845943 ;
0.973037 0.091845 0.026327 0.699728 0.037459 0.049913 0.919581 0.933451 0.040266 0.037486 0.590022 0.041035 0.069044 0.435697 0.047879 0.953361 0.091830 0.834712 0.828563 0.868569 ;
0.035151 0.931391 0.018854 0.691205 0.098950 0.050552 0.861891 0.909896 0.038274 0.031415 0.670732 0.028114 0.093633 0.697031 0.040480 0.933743 0.524492 0.835175 0.675871 0.932190 ;
0.037304 0.030716 0.029248 0.835639 0.780808 0.050201 0.042251 0.940946 0.042399 0.032264 0.776051 0.062103 0.927296 0.934414 0.046932 0.933850 0.030749 0.836242 0.719268 0.925673 ;
0.048693 0.033696 0.954389 0.843082 0.782543 0.059706 0.050070 0.048173 0.060217 0.033603 0.942301 0.861374 0.868936 0.349280 0.049051 0.039467 0.024249 0.039198 0.027306 0.958704 ;
0.046826 0.935175 0.924929 0.719750 0.092866 0.056965 0.896038 0.032877 0.049822 0.029462 0.914446 0.735304 0.050227 0.084218 0.038349 0.042641 0.483634 0.041469 0.024979 0.966314 ;
0.979707 0.103690 0.951999 0.744624 0.037498 0.056430 0.939785 0.045571 0.051843 0.034112 0.895385 0.804598 0.040874 0.032339 0.044370 0.058450 0.073492 0.039529 0.053325 0.944549 ;
0.954630 0.242082 0.939775 0.037539 0.607846 0.056954 0.105548 0.019605 0.028506 0.023813 0.939375 0.559195 0.118755 0.176885 0.025036 0.027407 0.719725 0.028277 0.027971 0.930577 ;
0.041183 0.976672 0.899256 0.091311 0.016097 0.876302 0.959105 0.940978 0.811408 0.913624 0.035793 0.107472 0.967466 0.979045 0.940643 0.052742 0.190682 0.034605 0.851594 0.049594 ;
0.041360 0.976632 0.899328 0.091041 0.016117 0.876566 0.959060 0.940498 0.811607 0.913818 0.035771 0.107616 0.967462 0.979040 0.940730 0.052696 0.191474 0.034589 0.851540 0.049404 ;
0.041290 0.976647 0.899300 0.091112 0.016114 0.876490 0.959072 0.940637 0.811550 0.913760 0.035784 0.107581 0.967462 0.979043 0.940698 0.052716 0.191386 0.034598 0.851566 0.049419 ;
0.928539 0.950566 0.870952 0.023337 0.013807 0.915986 0.952816 0.041208 0.839543 0.941060 0.021288 0.051634 0.963051 0.977247 0.958983 0.041975 0.052776 0.028071 0.832006 0.881320 ;
0.913785 0.946667 0.016401 0.059625 0.644790 0.952218 0.038770 0.022771 0.812655 0.966204 0.012655 0.485303 0.027794 0.024525 0.967359 0.852880 0.045201 0.824628 0.025306 0.850594 ;
0.035479 0.975126 0.022022 0.228024 0.701456 0.932496 0.042917 0.897379 0.795548 0.953217 0.022502 0.699091 0.030730 0.023399 0.957723 0.892672 0.152230 0.867675 0.024895 0.043139 ;
0.035494 0.975129 0.022035 0.227875 0.701428 0.932524 0.042911 0.897164 0.795588 0.953237 0.022493 0.699079 0.030738 0.023400 0.957735 0.892569 0.152329 0.867586 0.024889 0.043117 ;
0.035437 0.975100 0.021967 0.228649 0.701736 0.932435 0.042874 0.898135 0.795479 0.953172 0.022533 0.699290 0.030698 0.023379 0.957709 0.893117 0.151873 0.868095 0.024889 0.043239 ;
];
X_settling = [];
X_settling_pattern = [];
