X = [0.081000 0.168492 0.324275 0.092758 0.166014 0.214299 0.065296 0.990729 0.214348 0.235452 0.076291 0.157839 0.187567 0.144387 0.041025 0.026232 0.170849 0.131319 0.227740 0.185907 ;
0.023259 0.077524 0.178060 0.100772 0.236096 0.713644 0.146705 0.124408 0.097106 0.229140 0.945651 0.119231 0.353905 0.188544 0.085948 0.086717 0.307777 0.166849 0.197885 0.345774 ;
0.021309 0.195837 0.393713 0.045998 0.161265 0.592250 0.065517 0.944247 0.270519 0.373749 0.956625 0.148926 0.203359 0.152681 0.032197 0.015322 0.162695 0.169587 0.264023 0.195352 ;
0.023271 0.077750 0.177783 0.100566 0.235542 0.712885 0.146430 0.124286 0.097402 0.229422 0.945727 0.119489 0.353158 0.187968 0.086137 0.086829 0.306961 0.166694 0.197460 0.344974 ;
0.023272 0.077696 0.177642 0.100506 0.235613 0.713094 0.146358 0.124251 0.097347 0.229536 0.945712 0.119553 0.353350 0.187906 0.086130 0.086822 0.307126 0.166622 0.197313 0.345183 ;
0.021315 0.195718 0.393585 0.045996 0.161328 0.592492 0.065513 0.944226 0.270438 0.373762 0.956607 0.148876 0.203498 0.152679 0.032201 0.015324 0.162774 0.169570 0.263819 0.195426 ;
0.023240 0.077304 0.178724 0.101180 0.236753 0.714327 0.147239 0.124640 0.096790 0.228521 0.945572 0.118740 0.354605 0.189491 0.085695 0.086572 0.308629 0.167211 0.198777 0.346520 ;
0.080531 0.167112 0.325306 0.093743 0.166683 0.214205 0.065738 0.990719 0.213272 0.233881 0.075636 0.157614 0.187985 0.145580 0.041063 0.026303 0.171798 0.131810 0.230453 0.186640 ;
0.044747 0.022668 0.674363 0.565171 0.648234 0.697871 0.442097 0.982188 0.031469 0.037762 0.043408 0.020432 0.664428 0.752438 0.029624 0.046817 0.730757 0.342519 0.778779 0.650401 ;
0.016557 0.026497 0.637301 0.334644 0.578687 0.837321 0.363286 0.869610 0.043197 0.089100 0.855337 0.023873 0.558503 0.705369 0.030215 0.032110 0.677789 0.365649 0.758717 0.628072 ;
0.018762 0.033807 0.607411 0.384991 0.556148 0.845259 0.498629 0.271639 0.032942 0.067018 0.939582 0.019626 0.564711 0.723207 0.034910 0.055008 0.639152 0.380384 0.776197 0.603730 ;
0.044739 0.022679 0.673873 0.564455 0.647986 0.697772 0.441520 0.982184 0.031489 0.037853 0.043419 0.020461 0.664285 0.752070 0.029646 0.046792 0.730539 0.342336 0.778394 0.650253 ;
0.023315 0.076641 0.173412 0.098555 0.236567 0.717245 0.143923 0.123172 0.096358 0.233128 0.945442 0.121799 0.357140 0.185239 0.086238 0.086807 0.310196 0.164389 0.192727 0.349485 ;
0.023315 0.076641 0.173381 0.098538 0.236557 0.717248 0.143902 0.123161 0.096360 0.233156 0.945442 0.121819 0.357142 0.185209 0.086244 0.086811 0.310191 0.164372 0.192690 0.349488 ;
0.023315 0.076672 0.173468 0.098576 0.236519 0.717134 0.143949 0.123180 0.096392 0.233082 0.945451 0.121774 0.357035 0.185252 0.086248 0.086815 0.310096 0.164419 0.192780 0.349365 ;
0.081120 0.160749 0.322049 0.095778 0.169781 0.217438 0.066294 0.990580 0.209225 0.230907 0.072960 0.155326 0.191672 0.147006 0.041535 0.026812 0.176363 0.131773 0.226888 0.190293 ;
];
X_settling = [];
X_settling_pattern = [];
