X = [0.073754 0.007913 0.189566 0.994026 0.061970 0.036963 0.029036 0.040125 0.068584 0.031066 0.005201 0.019499 0.999000 0.021320 0.936982 0.064368 0.043509 0.020245 0.999910 0.066662 ;
0.015096 0.005456 0.191057 0.991392 0.994837 0.020449 0.009953 0.011617 0.061904 0.048262 0.005288 0.015784 0.996613 0.013316 0.757303 0.069263 0.019414 0.008355 0.999878 0.914348 ;
0.073740 0.007917 0.189578 0.994021 0.062084 0.036968 0.029037 0.040118 0.068583 0.031081 0.005201 0.019508 0.999000 0.021320 0.936914 0.064413 0.043505 0.020246 0.999910 0.066703 ;
0.073864 0.007873 0.189461 0.994072 0.061026 0.036916 0.029028 0.040183 0.068593 0.030947 0.005203 0.019428 0.999000 0.021315 0.937551 0.063990 0.043543 0.020237 0.999910 0.066325 ;
0.015099 0.005458 0.191134 0.991392 0.994832 0.020455 0.009954 0.011616 0.061911 0.048279 0.005289 0.015790 0.996617 0.013317 0.757278 0.069315 0.019423 0.008358 0.999878 0.914327 ;
0.015860 0.007573 0.031963 0.989294 0.997300 0.019786 0.014785 0.017975 0.064228 0.064368 0.046221 0.019680 0.036035 0.027463 0.373690 0.049885 0.011819 0.010618 0.999935 0.955362 ;
0.015865 0.007574 0.031959 0.989288 0.997300 0.019788 0.014785 0.017975 0.064226 0.064362 0.046095 0.019677 0.036154 0.027458 0.373828 0.049890 0.011821 0.010619 0.999935 0.955356 ;
0.015876 0.007574 0.031954 0.989275 0.997300 0.019793 0.014786 0.017974 0.064220 0.064351 0.045833 0.019672 0.036414 0.027446 0.374108 0.049902 0.011825 0.010623 0.999935 0.955342 ;
0.015088 0.005452 0.191009 0.991395 0.994849 0.020440 0.009952 0.011616 0.061898 0.048253 0.005287 0.015781 0.996609 0.013313 0.757320 0.069214 0.019407 0.008350 0.999878 0.914430 ;
0.015090 0.005453 0.191028 0.991394 0.994846 0.020442 0.009952 0.011616 0.061900 0.048256 0.005287 0.015782 0.996610 0.013314 0.757316 0.069228 0.019409 0.008351 0.999878 0.914412 ;
0.015091 0.005453 0.191034 0.991394 0.994846 0.020443 0.009952 0.011616 0.061900 0.048256 0.005287 0.015782 0.996610 0.013314 0.757315 0.069233 0.019409 0.008351 0.999878 0.914406 ;
0.015094 0.005454 0.191066 0.991394 0.994841 0.020448 0.009953 0.011616 0.061904 0.048261 0.005288 0.015783 0.996613 0.013315 0.757308 0.069259 0.019413 0.008354 0.999878 0.914371 ;
0.073869 0.007872 0.189459 0.994073 0.060992 0.036916 0.029029 0.040185 0.068594 0.030944 0.005203 0.019426 0.999000 0.021315 0.937565 0.063983 0.043545 0.020237 0.999910 0.066310 ;
0.073858 0.007875 0.189470 0.994069 0.061084 0.036920 0.029029 0.040179 0.068593 0.030955 0.005203 0.019433 0.999000 0.021315 0.937514 0.064016 0.043542 0.020238 0.999910 0.066345 ;
0.073857 0.007876 0.189470 0.994069 0.061090 0.036920 0.029029 0.040179 0.068593 0.030956 0.005203 0.019433 0.999000 0.021315 0.937511 0.064018 0.043542 0.020238 0.999910 0.066348 ;
0.073858 0.007875 0.189470 0.994069 0.061083 0.036919 0.029029 0.040179 0.068593 0.030955 0.005203 0.019433 0.999000 0.021315 0.937515 0.064015 0.043542 0.020238 0.999910 0.066345 ;
];
X_settling = [];
X_settling_pattern = [];
