X = [0.989117 0.119927 0.046794 0.728739 0.024215 0.068574 0.915517 0.682335 0.086413 0.058900 0.302333 0.031177 0.051029 0.174467 0.074941 0.686292 0.032883 0.768577 0.743333 0.960550 ;
0.989119 0.119371 0.046503 0.731421 0.024242 0.068202 0.916232 0.691892 0.086069 0.058550 0.303527 0.031162 0.050962 0.175157 0.074532 0.689285 0.032873 0.771396 0.745896 0.960284 ;
0.989113 0.119994 0.046814 0.728433 0.024222 0.068619 0.915417 0.681556 0.086450 0.058942 0.302189 0.031171 0.051056 0.174481 0.074989 0.686032 0.032894 0.768342 0.743124 0.960568 ;
0.057883 0.047744 0.061915 0.700883 0.684511 0.069136 0.045056 0.860289 0.081728 0.055653 0.373451 0.043429 0.932817 0.878411 0.075173 0.582975 0.018281 0.724297 0.694871 0.926189 ;
0.044732 0.036883 0.767141 0.776125 0.726281 0.066474 0.042320 0.059501 0.081710 0.042730 0.718352 0.636045 0.877032 0.402124 0.061998 0.070952 0.021132 0.037343 0.043824 0.871166 ;
0.981443 0.090399 0.740070 0.808472 0.026370 0.057715 0.929692 0.052799 0.075181 0.040667 0.681600 0.555829 0.040354 0.034126 0.054800 0.109603 0.050331 0.043152 0.072141 0.876909 ;
0.981326 0.089864 0.742928 0.810364 0.026463 0.057428 0.930092 0.053313 0.074835 0.040382 0.684552 0.559517 0.040257 0.033937 0.054465 0.109183 0.050682 0.042787 0.071541 0.874601 ;
0.981444 0.090385 0.740155 0.808536 0.026372 0.057705 0.929709 0.052804 0.075172 0.040657 0.681690 0.555922 0.040350 0.034119 0.054788 0.109591 0.050333 0.043142 0.072123 0.876890 ;
0.065711 0.713117 0.760892 0.082689 0.021828 0.890682 0.951073 0.974389 0.750196 0.916116 0.030751 0.231604 0.968983 0.951531 0.940578 0.096616 0.158924 0.039512 0.843308 0.013415 ;
0.065955 0.712866 0.761008 0.082688 0.021846 0.890826 0.951068 0.974355 0.750348 0.916231 0.030739 0.231907 0.968975 0.951511 0.940659 0.096616 0.158872 0.039506 0.843221 0.013405 ;
0.066165 0.712650 0.761004 0.082682 0.021852 0.890843 0.951056 0.974324 0.750358 0.916253 0.030736 0.231963 0.968977 0.951510 0.940671 0.096617 0.158797 0.039506 0.843229 0.013409 ;
0.066152 0.712663 0.761004 0.082682 0.021852 0.890842 0.951057 0.974326 0.750358 0.916251 0.030736 0.231960 0.968977 0.951510 0.940670 0.096617 0.158801 0.039506 0.843229 0.013409 ;
0.855678 0.365961 0.066176 0.099570 0.684596 0.951818 0.047335 0.255018 0.819233 0.944853 0.023851 0.654953 0.040069 0.023999 0.962196 0.512031 0.075596 0.782826 0.024521 0.057925 ;
0.854311 0.364830 0.066093 0.100407 0.685978 0.951675 0.047258 0.262576 0.818839 0.944700 0.023978 0.656843 0.039987 0.024005 0.962078 0.514129 0.075959 0.784359 0.024577 0.056915 ;
0.854454 0.364938 0.066098 0.100327 0.685853 0.951689 0.047263 0.261838 0.818877 0.944715 0.023966 0.656661 0.039993 0.024004 0.962090 0.513937 0.075923 0.784221 0.024571 0.057015 ;
0.068855 0.621742 0.064390 0.178699 0.713276 0.937560 0.055005 0.950652 0.803141 0.925632 0.028082 0.674913 0.044023 0.027091 0.950423 0.614963 0.119480 0.851914 0.027709 0.019008 ;
];
X_settling = [];
X_settling_pattern = [];
