X = [0.063420 0.033504 0.336907 0.951773 0.026436 0.078134 0.031925 0.969043 0.887937 0.093398 0.024000 0.976237 0.036835 0.049810 0.964951 0.968002 0.045655 0.052394 0.874878 0.039271 ;
0.046325 0.918432 0.953569 0.967470 0.019137 0.048434 0.944245 0.031538 0.907490 0.051748 0.959841 0.976121 0.029100 0.036720 0.297858 0.923402 0.027285 0.036775 0.883733 0.024026 ;
0.045827 0.962404 0.954189 0.042122 0.019765 0.080729 0.045759 0.964065 0.902584 0.942576 0.964825 0.961003 0.026055 0.060082 0.053931 0.035582 0.034365 0.119238 0.881001 0.025046 ;
0.042523 0.935100 0.048120 0.058629 0.022292 0.062817 0.025291 0.045648 0.881783 0.967659 0.943734 0.979548 0.028380 0.043326 0.899207 0.969621 0.031389 0.303499 0.882223 0.027401 ;
0.986843 0.932119 0.033009 0.075401 0.023812 0.118228 0.041116 0.051223 0.925113 0.959549 0.941958 0.032198 0.040049 0.054009 0.923426 0.973465 0.023818 0.565784 0.022395 0.028252 ;
0.984758 0.961990 0.929709 0.052315 0.020962 0.136870 0.071274 0.970964 0.939818 0.930086 0.969621 0.016773 0.034172 0.069451 0.070506 0.041280 0.026026 0.271589 0.020501 0.025976 ;
0.988487 0.915331 0.919572 0.974036 0.018695 0.092776 0.959673 0.033428 0.947950 0.044516 0.954537 0.028354 0.040768 0.038445 0.406843 0.944078 0.018888 0.086880 0.020295 0.023145 ;
0.988323 0.032253 0.209949 0.956723 0.027480 0.131697 0.044505 0.973282 0.928438 0.078147 0.028048 0.027912 0.047438 0.053276 0.973240 0.973274 0.034255 0.122981 0.017319 0.040072 ;
0.046392 0.008113 0.971466 0.964380 0.858813 0.881838 0.959541 0.974327 0.021668 0.022619 0.030698 0.031122 0.936835 0.977376 0.055558 0.027539 0.886737 0.970015 0.903256 0.897942 ;
0.948257 0.027423 0.976963 0.960827 0.868208 0.095497 0.963582 0.789601 0.021450 0.028515 0.859939 0.027630 0.055727 0.972801 0.033798 0.023912 0.917161 0.974808 0.880987 0.907802 ;
0.128328 0.030729 0.967157 0.943449 0.849449 0.970472 0.979848 0.023594 0.018233 0.027601 0.909376 0.033049 0.946393 0.976814 0.033593 0.033588 0.878154 0.976717 0.904856 0.858146 ;
0.961807 0.014945 0.962644 0.967677 0.803955 0.941197 0.973529 0.052232 0.020720 0.018195 0.036095 0.017274 0.923713 0.974093 0.062266 0.053936 0.830430 0.971674 0.858491 0.783750 ;
0.969504 0.010849 0.013739 0.024419 0.925973 0.956490 0.020372 0.032548 0.019105 0.975783 0.034971 0.975374 0.957353 0.031340 0.061759 0.081389 0.962301 0.045804 0.012764 0.954795 ;
0.969422 0.010850 0.013753 0.024413 0.926037 0.956484 0.020388 0.032596 0.019088 0.975783 0.035046 0.975370 0.957360 0.031370 0.061668 0.081258 0.962337 0.045841 0.012772 0.954842 ;
0.969442 0.010851 0.013754 0.024417 0.926010 0.956421 0.020384 0.032633 0.019095 0.975778 0.035048 0.975366 0.957294 0.031364 0.061687 0.081278 0.962324 0.045835 0.012772 0.954828 ;
0.058757 0.006553 0.018330 0.021645 0.945306 0.907969 0.013059 0.957363 0.021748 0.979605 0.029244 0.985143 0.962965 0.034169 0.055640 0.042802 0.972556 0.041271 0.019353 0.978104 ;
];
X_settling = [];
X_settling_pattern = [];
