X = [0.044940 0.017010 0.104840 0.999327 0.007493 0.019502 0.013853 0.075001 0.033250 0.045114 0.150662 0.016667 0.997392 0.041552 0.996049 0.038443 0.074655 0.027286 0.001468 0.040088 ;
0.031419 0.012152 0.055832 0.999738 0.005436 0.010612 0.008116 0.052729 0.043606 0.016113 0.033267 0.009247 0.996433 0.018322 0.997579 0.040296 0.039164 0.007436 0.993820 0.013999 ;
0.044949 0.017013 0.104891 0.999326 0.007496 0.019506 0.013855 0.074995 0.033277 0.045102 0.150618 0.016658 0.997392 0.041556 0.996048 0.038456 0.074665 0.027287 0.001467 0.040119 ;
0.031458 0.012184 0.056044 0.999736 0.005452 0.010646 0.008127 0.052737 0.043731 0.016118 0.033271 0.009256 0.996441 0.018338 0.997571 0.040430 0.039251 0.007450 0.993780 0.014061 ;
0.011717 0.004907 0.061109 0.999425 0.995642 0.013199 0.005429 0.016191 0.048495 0.012991 0.030511 0.007157 0.979919 0.011877 0.991924 0.033844 0.007068 0.004152 0.990910 0.996305 ;
0.015617 0.005983 0.133072 0.997657 0.993894 0.019376 0.008243 0.022434 0.082482 0.031988 0.136924 0.006854 0.987427 0.025020 0.989644 0.025819 0.013694 0.016653 0.000930 0.997542 ;
0.012467 0.001857 0.015138 0.999475 0.996794 0.008206 0.011609 0.016032 0.054868 0.016560 0.240158 0.004939 0.015132 0.010609 0.991391 0.013998 0.003724 0.003368 0.997696 0.997846 ;
0.015595 0.005973 0.132618 0.997669 0.993912 0.019351 0.008237 0.022429 0.082170 0.032013 0.136983 0.006861 0.987406 0.025007 0.989655 0.025757 0.013664 0.016628 0.000931 0.997547 ;
0.814350 0.014661 0.984869 0.086685 0.044787 0.915776 0.976103 0.974747 0.117963 0.801673 0.011506 0.013428 0.008597 0.908175 0.979773 0.964099 0.923300 0.876798 0.002894 0.990703 ;
0.840137 0.015636 0.989705 0.066338 0.051462 0.893653 0.983885 0.958060 0.865863 0.095299 0.009517 0.989759 0.012234 0.886120 0.981681 0.982592 0.933989 0.862438 0.002452 0.990262 ;
0.590100 0.016290 0.987216 0.002908 0.035721 0.912146 0.985052 0.972424 0.039343 0.697772 0.014036 0.995267 0.009137 0.876358 0.979299 0.977586 0.952985 0.916357 0.003085 0.990096 ;
0.840073 0.015671 0.989715 0.066252 0.051461 0.893750 0.983866 0.958036 0.865787 0.095409 0.009529 0.989770 0.012266 0.886052 0.981656 0.982616 0.934079 0.862592 0.002451 0.990263 ;
0.044947 0.017013 0.104850 0.999326 0.007497 0.019508 0.013856 0.075004 0.033247 0.045115 0.150635 0.016672 0.997392 0.041557 0.996048 0.038455 0.074660 0.027287 0.001467 0.040120 ;
0.036454 0.811085 0.993740 0.004444 0.018627 0.833129 0.011120 0.037193 0.018930 0.608215 0.743054 0.997121 0.997914 0.008841 0.009354 0.980095 0.987037 0.886762 0.006746 0.015297 ;
0.120417 0.831826 0.993826 0.124649 0.024691 0.814021 0.009742 0.020781 0.882552 0.054818 0.750551 0.995427 0.998383 0.008743 0.010354 0.986079 0.982942 0.841363 0.002911 0.014801 ;
0.044944 0.017010 0.104806 0.999328 0.007494 0.019504 0.013853 0.075012 0.033196 0.045125 0.150668 0.016685 0.997392 0.041557 0.996049 0.038449 0.074659 0.027284 0.001468 0.040091 ;
];
X_settling = [];
X_settling_pattern = [];
