X = [0.122180 0.114008 0.141049 0.141559 0.125860 0.127290 0.126991 0.121864 0.118381 0.166740 0.417166 0.128601 0.117692 0.131692 0.106764 0.131228 0.140751 0.132322 0.139564 0.149910 ;
0.122167 0.114050 0.140946 0.140748 0.125880 0.127278 0.127372 0.121854 0.118393 0.167979 0.427876 0.128619 0.117699 0.131690 0.106758 0.131240 0.140779 0.132340 0.139517 0.150215 ;
0.122167 0.114050 0.140947 0.140751 0.125880 0.127278 0.127371 0.121854 0.118393 0.167974 0.427836 0.128619 0.117699 0.131690 0.106758 0.131240 0.140779 0.132340 0.139517 0.150214 ;
0.122167 0.114051 0.140945 0.140740 0.125880 0.127278 0.127376 0.121854 0.118393 0.167991 0.427977 0.128619 0.117699 0.131690 0.106758 0.131240 0.140779 0.132340 0.139517 0.150218 ;
0.122167 0.114050 0.140947 0.140755 0.125880 0.127278 0.127369 0.121854 0.118393 0.167968 0.427787 0.128619 0.117699 0.131690 0.106758 0.131240 0.140778 0.132340 0.139518 0.150213 ;
0.122167 0.114050 0.140947 0.140753 0.125880 0.127278 0.127370 0.121854 0.118393 0.167971 0.427807 0.128619 0.117699 0.131690 0.106758 0.131240 0.140778 0.132340 0.139517 0.150213 ;
0.122167 0.114051 0.140946 0.140741 0.125880 0.127278 0.127376 0.121854 0.118393 0.167990 0.427969 0.128619 0.117699 0.131690 0.106758 0.131240 0.140779 0.132340 0.139517 0.150218 ;
0.122167 0.114050 0.140948 0.140761 0.125880 0.127278 0.127366 0.121854 0.118393 0.167959 0.427702 0.128619 0.117699 0.131690 0.106758 0.131240 0.140778 0.132340 0.139518 0.150210 ;
0.122180 0.114008 0.141049 0.141554 0.125860 0.127290 0.126993 0.121864 0.118381 0.166747 0.417224 0.128601 0.117692 0.131692 0.106764 0.131228 0.140751 0.132322 0.139563 0.149912 ;
0.122180 0.114008 0.141049 0.141554 0.125860 0.127290 0.126993 0.121864 0.118381 0.166747 0.417226 0.128601 0.117692 0.131692 0.106764 0.131228 0.140751 0.132322 0.139563 0.149912 ;
0.122167 0.114050 0.140948 0.140758 0.125880 0.127278 0.127368 0.121854 0.118393 0.167963 0.427739 0.128619 0.117699 0.131690 0.106758 0.131240 0.140778 0.132340 0.139518 0.150211 ;
0.122180 0.114007 0.141051 0.141576 0.125860 0.127290 0.126983 0.121864 0.118381 0.166714 0.416939 0.128601 0.117692 0.131692 0.106764 0.131228 0.140751 0.132322 0.139565 0.149904 ;
0.122180 0.114009 0.141047 0.141544 0.125861 0.127290 0.126998 0.121864 0.118381 0.166763 0.417365 0.128601 0.117692 0.131692 0.106764 0.131228 0.140752 0.132323 0.139563 0.149916 ;
0.122167 0.114050 0.140947 0.140754 0.125880 0.127278 0.127370 0.121854 0.118393 0.167969 0.427793 0.128619 0.117699 0.131690 0.106758 0.131240 0.140778 0.132340 0.139517 0.150213 ;
0.122180 0.114009 0.141046 0.141535 0.125861 0.127290 0.127002 0.121863 0.118381 0.166776 0.417473 0.128601 0.117692 0.131692 0.106764 0.131229 0.140752 0.132323 0.139562 0.149919 ;
0.122180 0.114009 0.141048 0.141546 0.125861 0.127290 0.126997 0.121864 0.118381 0.166759 0.417330 0.128601 0.117692 0.131692 0.106764 0.131228 0.140752 0.132323 0.139563 0.149915 ;
];
X_settling = [];
X_settling_pattern = [];
