X = [0.869009 0.099961 0.162252 0.220059 0.096236 0.146572 0.199820 0.200940 0.108288 0.087939 0.178939 0.116822 0.123676 0.172551 0.137830 0.137975 0.108244 0.100327 0.104467 0.158141 ;
0.869152 0.099940 0.162258 0.220123 0.096224 0.146541 0.199851 0.200922 0.108262 0.087919 0.178967 0.116808 0.123646 0.172563 0.137798 0.137976 0.108231 0.100333 0.104466 0.158192 ;
0.866705 0.100266 0.161920 0.219245 0.096391 0.146835 0.199418 0.202142 0.108583 0.088161 0.178539 0.116885 0.124072 0.172475 0.138242 0.138239 0.108391 0.100401 0.104592 0.157659 ;
0.868163 0.100112 0.161670 0.219544 0.096314 0.146774 0.199692 0.202099 0.108499 0.088047 0.178434 0.116518 0.124113 0.172989 0.138101 0.138297 0.108276 0.100540 0.104795 0.158012 ;
0.866706 0.100267 0.161929 0.219243 0.096391 0.146840 0.199417 0.202100 0.108585 0.088163 0.178541 0.116891 0.124073 0.172470 0.138243 0.138228 0.108391 0.100396 0.104586 0.157662 ;
0.866836 0.100249 0.161939 0.219291 0.096382 0.146820 0.199440 0.202079 0.108565 0.088148 0.178561 0.116882 0.124049 0.172479 0.138218 0.138225 0.108383 0.100397 0.104585 0.157684 ;
0.869215 0.099928 0.162426 0.220154 0.096219 0.146552 0.199842 0.200381 0.108256 0.087921 0.179068 0.116904 0.123615 0.172457 0.137774 0.137833 0.108233 0.100253 0.104364 0.158245 ;
0.869228 0.099927 0.162389 0.220152 0.096220 0.146547 0.199846 0.200521 0.108253 0.087918 0.179047 0.116880 0.123619 0.172485 0.137775 0.137867 0.108234 0.100270 0.104391 0.158220 ;
0.866214 0.100331 0.161842 0.219078 0.096422 0.146885 0.199337 0.202418 0.108643 0.088205 0.178453 0.116892 0.124158 0.172467 0.138327 0.138301 0.108420 0.100421 0.104623 0.157567 ;
0.866781 0.100256 0.161924 0.219274 0.096386 0.146822 0.199432 0.202136 0.108570 0.088152 0.178550 0.116879 0.124058 0.172482 0.138226 0.138238 0.108386 0.100402 0.104592 0.157673 ;
0.866746 0.100261 0.161919 0.219261 0.096388 0.146826 0.199426 0.202154 0.108575 0.088155 0.178544 0.116879 0.124065 0.172481 0.138233 0.138242 0.108388 0.100403 0.104594 0.157666 ;
0.866874 0.100244 0.161938 0.219306 0.096380 0.146812 0.199447 0.202090 0.108558 0.088143 0.178567 0.116877 0.124042 0.172484 0.138210 0.138228 0.108381 0.100399 0.104587 0.157690 ;
0.866712 0.100265 0.161920 0.219248 0.096390 0.146833 0.199419 0.202144 0.108581 0.088160 0.178540 0.116884 0.124071 0.172476 0.138240 0.138239 0.108391 0.100401 0.104592 0.157661 ;
0.866640 0.100275 0.161910 0.219223 0.096395 0.146842 0.199407 0.202179 0.108591 0.088167 0.178527 0.116886 0.124084 0.172474 0.138253 0.138247 0.108395 0.100404 0.104596 0.157647 ;
0.866685 0.100269 0.161910 0.219240 0.096392 0.146833 0.199415 0.202185 0.108583 0.088161 0.178534 0.116881 0.124075 0.172479 0.138244 0.138249 0.108392 0.100406 0.104597 0.157655 ;
0.865913 0.100370 0.161799 0.218976 0.096441 0.146918 0.199288 0.202565 0.108682 0.088234 0.178402 0.116899 0.124210 0.172459 0.138381 0.138334 0.108437 0.100431 0.104639 0.157513 ;
];
X_settling = [];
X_settling_pattern = [];
