X = [0.078073 0.124014 0.209612 0.813988 0.152402 0.122611 0.089142 0.135415 0.095579 0.113142 0.137114 0.104555 0.190552 0.091538 0.164974 0.135772 0.119678 0.118590 0.975384 0.107152 ;
0.078065 0.124014 0.209601 0.815219 0.152407 0.122612 0.089144 0.135413 0.095590 0.113207 0.137086 0.104451 0.190513 0.091544 0.164999 0.135780 0.119679 0.118582 0.975351 0.107171 ;
0.078068 0.124015 0.209605 0.813769 0.152405 0.122611 0.089140 0.135413 0.095582 0.113133 0.137089 0.104557 0.190549 0.091541 0.165008 0.135773 0.119679 0.118593 0.975361 0.107164 ;
0.078065 0.124014 0.209601 0.815181 0.152407 0.122612 0.089144 0.135413 0.095590 0.113206 0.137086 0.104454 0.190514 0.091544 0.164998 0.135779 0.119679 0.118583 0.975351 0.107171 ;
0.078063 0.124015 0.209598 0.812386 0.152408 0.122612 0.089144 0.135411 0.095579 0.113077 0.137075 0.104641 0.190562 0.091544 0.165030 0.135769 0.119679 0.118603 0.975342 0.107172 ;
0.078068 0.124016 0.209605 0.813318 0.152405 0.122611 0.089140 0.135413 0.095579 0.113112 0.137090 0.104589 0.190558 0.091541 0.165010 0.135771 0.119679 0.118596 0.975362 0.107163 ;
0.078063 0.124015 0.209598 0.812413 0.152408 0.122612 0.089144 0.135411 0.095579 0.113078 0.137075 0.104638 0.190561 0.091544 0.165030 0.135769 0.119679 0.118603 0.975341 0.107173 ;
0.078075 0.124014 0.209615 0.813426 0.152402 0.122611 0.089143 0.135416 0.095576 0.113116 0.137123 0.104598 0.190564 0.091536 0.164967 0.135769 0.119678 0.118593 0.975391 0.107147 ;
0.078063 0.124015 0.209598 0.812461 0.152408 0.122612 0.089144 0.135411 0.095580 0.113080 0.137075 0.104635 0.190560 0.091544 0.165029 0.135769 0.119679 0.118603 0.975341 0.107173 ;
0.078062 0.124016 0.209597 0.811880 0.152408 0.122612 0.089144 0.135411 0.095578 0.113053 0.137073 0.104673 0.190570 0.091544 0.165036 0.135767 0.119679 0.118607 0.975339 0.107173 ;
0.078063 0.124016 0.209598 0.812061 0.152408 0.122612 0.089143 0.135410 0.095578 0.113060 0.137072 0.104662 0.190569 0.091544 0.165039 0.135767 0.119679 0.118606 0.975340 0.107173 ;
0.078062 0.124015 0.209597 0.812018 0.152408 0.122612 0.089144 0.135411 0.095578 0.113060 0.137073 0.104664 0.190568 0.091544 0.165034 0.135767 0.119679 0.118606 0.975340 0.107173 ;
0.078063 0.124015 0.209598 0.812333 0.152408 0.122612 0.089144 0.135411 0.095579 0.113074 0.137074 0.104643 0.190562 0.091544 0.165031 0.135768 0.119679 0.118603 0.975341 0.107173 ;
0.078063 0.124015 0.209598 0.812214 0.152408 0.122612 0.089144 0.135411 0.095579 0.113069 0.137074 0.104651 0.190564 0.091544 0.165032 0.135768 0.119679 0.118604 0.975341 0.107173 ;
0.078063 0.124015 0.209598 0.812302 0.152408 0.122612 0.089144 0.135411 0.095579 0.113073 0.137074 0.104645 0.190563 0.091544 0.165031 0.135768 0.119679 0.118604 0.975341 0.107173 ;
0.078066 0.124016 0.209602 0.813289 0.152406 0.122611 0.089141 0.135412 0.095581 0.113112 0.137082 0.104585 0.190554 0.091542 0.165021 0.135771 0.119679 0.118597 0.975352 0.107168 ;
];
X_settling = [];
X_settling_pattern = [];
