X = [0.126294 0.100323 0.136767 0.110264 0.120532 0.141845 0.112937 0.094493 0.129431 0.119780 0.146905 0.165976 0.151686 0.128448 0.120777 0.120498 0.251036 0.121090 0.128613 0.106940 ;
0.126308 0.100304 0.136746 0.110020 0.120579 0.141867 0.112934 0.094524 0.129428 0.119791 0.146856 0.166166 0.151661 0.128428 0.120727 0.120503 0.253047 0.121092 0.128615 0.106835 ;
0.126299 0.100324 0.136774 0.110289 0.120548 0.141841 0.112935 0.094484 0.129429 0.119765 0.146937 0.166056 0.151707 0.128457 0.120775 0.120488 0.250967 0.121091 0.128612 0.106949 ;
0.126295 0.100324 0.136764 0.110300 0.120538 0.141847 0.112934 0.094522 0.129434 0.119780 0.146910 0.165996 0.151676 0.128448 0.120785 0.120498 0.250750 0.121091 0.128614 0.106959 ;
0.126308 0.100305 0.136747 0.110047 0.120578 0.141866 0.112934 0.094523 0.129429 0.119792 0.146856 0.166166 0.151662 0.128429 0.120734 0.120503 0.252808 0.121092 0.128615 0.106848 ;
0.126308 0.100306 0.136748 0.110077 0.120578 0.141866 0.112934 0.094521 0.129430 0.119793 0.146856 0.166167 0.151664 0.128429 0.120742 0.120502 0.252544 0.121092 0.128615 0.106862 ;
0.126305 0.100310 0.136750 0.110251 0.120565 0.141865 0.112934 0.094507 0.129435 0.119793 0.146866 0.166130 0.151668 0.128430 0.120786 0.120503 0.251048 0.121091 0.128615 0.106942 ;
0.126305 0.100308 0.136753 0.110262 0.120563 0.141864 0.112936 0.094509 0.129436 0.119796 0.146860 0.166119 0.151673 0.128430 0.120791 0.120503 0.250900 0.121091 0.128616 0.106946 ;
0.126307 0.100305 0.136747 0.110063 0.120576 0.141867 0.112934 0.094521 0.129430 0.119794 0.146854 0.166155 0.151661 0.128428 0.120739 0.120504 0.252656 0.121092 0.128615 0.106856 ;
0.126308 0.100305 0.136747 0.110050 0.120578 0.141866 0.112934 0.094522 0.129429 0.119793 0.146856 0.166166 0.151662 0.128428 0.120735 0.120503 0.252778 0.121092 0.128615 0.106849 ;
0.126296 0.100262 0.136739 0.110262 0.120528 0.141916 0.112936 0.094536 0.129450 0.119832 0.146738 0.165953 0.151595 0.128342 0.120799 0.120534 0.250593 0.121098 0.128618 0.106967 ;
0.126298 0.100265 0.136737 0.110194 0.120527 0.141924 0.112935 0.094540 0.129448 0.119836 0.146737 0.165965 0.151592 0.128352 0.120787 0.120529 0.251173 0.121098 0.128618 0.106937 ;
0.126319 0.100303 0.136750 0.110170 0.120613 0.141872 0.112934 0.094515 0.129434 0.119804 0.146833 0.166318 0.151681 0.128429 0.120768 0.120498 0.251667 0.121092 0.128615 0.106907 ;
0.126319 0.100303 0.136750 0.110159 0.120613 0.141872 0.112934 0.094516 0.129434 0.119804 0.146833 0.166316 0.151680 0.128429 0.120765 0.120498 0.251763 0.121092 0.128615 0.106902 ;
0.126320 0.100305 0.136752 0.110239 0.120615 0.141872 0.112934 0.094510 0.129437 0.119808 0.146832 0.166327 0.151685 0.128429 0.120786 0.120498 0.251057 0.121092 0.128614 0.106939 ;
0.126308 0.100304 0.136746 0.110023 0.120579 0.141867 0.112934 0.094524 0.129429 0.119791 0.146856 0.166168 0.151661 0.128428 0.120728 0.120503 0.253017 0.121092 0.128615 0.106837 ;
];
X_settling = [];
X_settling_pattern = [];
