X = [0.108540 0.128056 0.148974 0.456367 0.035527 0.095822 0.011186 0.973548 0.827699 0.571548 0.032995 0.968138 0.053723 0.053258 0.889273 0.880024 0.051284 0.077438 0.731911 0.039911 ;
0.108463 0.128087 0.148967 0.455722 0.035537 0.095838 0.011178 0.973545 0.827589 0.571755 0.033013 0.968154 0.053740 0.053265 0.889162 0.879805 0.051304 0.077440 0.731926 0.039924 ;
0.078159 0.499362 0.520818 0.039616 0.034322 0.128096 0.020906 0.982856 0.786859 0.897755 0.197040 0.956875 0.071343 0.073987 0.188434 0.040445 0.075840 0.078815 0.776612 0.038387 ;
0.108054 0.127936 0.148885 0.456331 0.035586 0.095775 0.011195 0.973538 0.827226 0.571197 0.032947 0.968340 0.053756 0.053320 0.889131 0.879789 0.051350 0.077479 0.733016 0.039993 ;
0.864593 0.117489 0.194713 0.518744 0.035052 0.157857 0.021649 0.969059 0.875078 0.411232 0.038197 0.031777 0.065633 0.065691 0.852911 0.869013 0.047123 0.126413 0.013976 0.028858 ;
0.880994 0.533626 0.675101 0.044156 0.028061 0.229242 0.040301 0.968579 0.864082 0.834033 0.255657 0.016990 0.082270 0.104719 0.141566 0.032242 0.060628 0.149502 0.018068 0.022325 ;
0.864594 0.117492 0.194715 0.518705 0.035052 0.157859 0.021648 0.969059 0.875076 0.411246 0.038199 0.031777 0.065634 0.065691 0.852903 0.868999 0.047123 0.126414 0.013976 0.028858 ;
0.864621 0.117442 0.194661 0.519245 0.035053 0.157827 0.021661 0.969059 0.875112 0.411067 0.038173 0.031778 0.065621 0.065682 0.853048 0.869231 0.047116 0.126404 0.013978 0.028858 ;
0.061489 0.031585 0.848349 0.804178 0.775783 0.790145 0.849358 0.971984 0.039893 0.126149 0.031967 0.032375 0.859508 0.947165 0.060223 0.041933 0.735310 0.876214 0.696543 0.576699 ;
0.967180 0.039934 0.788143 0.757142 0.653115 0.893669 0.889900 0.042269 0.044633 0.099187 0.035907 0.013072 0.840286 0.920963 0.077766 0.101025 0.585858 0.847140 0.489745 0.454585 ;
0.967204 0.039561 0.787785 0.756498 0.656074 0.894608 0.890037 0.042233 0.044066 0.099572 0.035898 0.013199 0.841718 0.921595 0.077187 0.100054 0.589700 0.847717 0.491624 0.457713 ;
0.967205 0.039582 0.787911 0.756704 0.655956 0.894567 0.890114 0.042241 0.044096 0.099518 0.035899 0.013189 0.841657 0.921609 0.077219 0.100117 0.589507 0.847761 0.491679 0.457562 ;
0.961094 0.010197 0.020730 0.022147 0.780418 0.934748 0.022136 0.030743 0.039714 0.962320 0.045418 0.951215 0.907953 0.066054 0.079747 0.100213 0.915777 0.034590 0.037743 0.772326 ;
0.961092 0.010199 0.020732 0.022149 0.780388 0.934744 0.022138 0.030743 0.039718 0.962314 0.045417 0.951205 0.907946 0.066055 0.079752 0.100218 0.915760 0.034593 0.037745 0.772302 ;
0.961062 0.010247 0.020784 0.022193 0.779238 0.934515 0.022160 0.030737 0.039898 0.962135 0.045397 0.950879 0.907631 0.065963 0.080012 0.100538 0.915136 0.034657 0.037748 0.771377 ;
0.045885 0.009724 0.030087 0.025862 0.830276 0.860461 0.014645 0.957204 0.044732 0.968718 0.038452 0.973962 0.916168 0.076258 0.071941 0.049571 0.938126 0.037120 0.067034 0.815020 ;
];
X_settling = [];
X_settling_pattern = [];
