X = [0.132532 0.075236 0.197323 0.122664 0.203643 0.201792 0.088411 0.973746 0.163426 0.204719 0.041807 0.097273 0.157036 0.165701 0.074562 0.035168 0.168535 0.145931 0.155628 0.180748 ;
0.123361 0.081718 0.252697 0.087684 0.190466 0.494589 0.109370 0.850342 0.158180 0.281299 0.906047 0.093726 0.060678 0.170465 0.063520 0.029740 0.146400 0.147460 0.146883 0.183707 ;
0.132450 0.075199 0.197633 0.122644 0.203692 0.201986 0.088449 0.973768 0.163342 0.204731 0.041860 0.097248 0.157042 0.165951 0.074458 0.035072 0.168518 0.146018 0.156005 0.180717 ;
0.123361 0.081718 0.252701 0.087682 0.190465 0.494589 0.109369 0.850359 0.158182 0.281304 0.906044 0.093725 0.060678 0.170465 0.063519 0.029737 0.146399 0.147460 0.146883 0.183706 ;
0.123357 0.081723 0.252645 0.087702 0.190471 0.494594 0.109384 0.850090 0.158151 0.281224 0.906089 0.093730 0.060678 0.170463 0.063542 0.029770 0.146419 0.147460 0.146880 0.183724 ;
0.132680 0.075465 0.197086 0.122262 0.203245 0.202232 0.088429 0.973801 0.163807 0.205451 0.041990 0.097270 0.156919 0.165007 0.074460 0.035034 0.168093 0.145684 0.154685 0.180470 ;
0.123356 0.081724 0.252631 0.087706 0.190472 0.494595 0.109387 0.850025 0.158143 0.281205 0.906100 0.093731 0.060678 0.170463 0.063548 0.029778 0.146424 0.147460 0.146879 0.183728 ;
0.132919 0.075722 0.197046 0.122405 0.202915 0.201453 0.088503 0.973765 0.164267 0.205658 0.041938 0.097119 0.156689 0.164503 0.074497 0.035155 0.167834 0.145501 0.154065 0.180153 ;
0.132507 0.075187 0.197082 0.122662 0.203716 0.201871 0.088368 0.973733 0.163345 0.204603 0.041781 0.097337 0.157097 0.165682 0.074638 0.035221 0.168649 0.145931 0.155574 0.180872 ;
0.132515 0.075205 0.197121 0.122665 0.203688 0.201827 0.088380 0.973734 0.163374 0.204632 0.041787 0.097325 0.157074 0.165667 0.074625 0.035214 0.168620 0.145925 0.155570 0.180837 ;
0.123359 0.081720 0.252670 0.087693 0.190469 0.494591 0.109377 0.850212 0.158164 0.281259 0.906068 0.093728 0.060678 0.170464 0.063532 0.029755 0.146410 0.147461 0.146882 0.183716 ;
0.132631 0.075364 0.196856 0.122506 0.203430 0.201933 0.088380 0.973736 0.163654 0.205000 0.041871 0.097326 0.156975 0.165137 0.074634 0.035216 0.168380 0.145736 0.154855 0.180679 ;
0.132553 0.075354 0.196805 0.122591 0.203460 0.202362 0.088376 0.973670 0.163648 0.204883 0.041996 0.097331 0.156933 0.165125 0.074680 0.035284 0.168410 0.145732 0.154802 0.180731 ;
0.123361 0.081719 0.252691 0.087686 0.190466 0.494589 0.109372 0.850312 0.158176 0.281290 0.906052 0.093726 0.060678 0.170464 0.063523 0.029743 0.146403 0.147460 0.146883 0.183709 ;
0.132639 0.075366 0.196834 0.122521 0.203428 0.201864 0.088378 0.973733 0.163658 0.204983 0.041857 0.097327 0.156972 0.165125 0.074648 0.035230 0.168390 0.145733 0.154844 0.180682 ;
0.132716 0.075418 0.196620 0.122361 0.203318 0.201731 0.088354 0.973768 0.163738 0.205203 0.041827 0.097368 0.156976 0.164870 0.074656 0.035201 0.168305 0.145645 0.154522 0.180635 ;
];
X_settling = [];
X_settling_pattern = [];
