X = [0.586591 0.494096 0.131920 0.553741 0.875529 0.461724 0.266526 0.663181 0.789481 0.649831 0.454914 0.447959 0.531153 0.505974 0.881851 0.788767 0.549365 0.067794 0.222553 0.328755 ;
0.875939 0.217262 0.154459 0.504037 0.850143 0.565461 0.272466 0.721617 0.881179 0.736137 0.105543 0.272701 0.732829 0.433163 0.851947 0.016914 0.502167 0.810824 0.243992 0.167524 ;
0.527853 0.603156 0.288352 0.601635 0.833895 0.554007 0.261464 0.596061 0.849195 0.715255 0.771968 0.411642 0.149676 0.396653 0.857802 0.555224 0.465682 0.918432 0.259015 0.218470 ;
0.580986 0.796554 0.285595 0.547295 0.791540 0.488361 0.063794 0.740490 0.818968 0.715192 0.400120 0.436569 0.697694 0.792699 0.834789 0.642439 0.497102 0.421138 0.282408 0.184464 ;
0.527853 0.824070 0.479699 0.852156 0.623684 0.908843 0.224513 0.720799 0.189214 0.906695 0.440404 0.403488 0.515305 0.939552 0.505681 0.568107 0.180579 0.571590 0.047893 0.473669 ;
0.636007 0.562462 0.442568 0.813055 0.661851 0.903725 0.489494 0.597941 0.226278 0.885574 0.747021 0.484274 0.094746 0.834224 0.627277 0.499399 0.203533 0.965135 0.048913 0.531300 ;
0.875939 0.143064 0.333573 0.820081 0.765560 0.918468 0.574557 0.701846 0.300886 0.834964 0.141430 0.249430 0.576993 0.763437 0.513844 0.020633 0.216158 0.872488 0.077259 0.570750 ;
0.636628 0.414741 0.291403 0.827498 0.721318 0.893744 0.587373 0.606708 0.248335 0.831110 0.378332 0.431402 0.535529 0.669536 0.548593 0.729013 0.232144 0.112191 0.046182 0.630939 ;
0.527853 0.954649 0.845601 0.337784 0.115423 0.504961 0.335858 0.394555 0.349267 0.824114 0.053472 0.480367 0.652485 0.471207 0.430788 0.417628 0.743441 0.514009 0.882653 0.300694 ;
0.527853 0.602684 0.865993 0.300732 0.089607 0.585364 0.266092 0.426690 0.363515 0.865586 0.299278 0.624028 0.563700 0.935440 0.384358 0.412963 0.738301 0.030136 0.846506 0.248712 ;
0.567861 0.180689 0.857263 0.452319 0.111571 0.618124 0.391137 0.380888 0.276205 0.858590 0.191966 0.569269 0.464485 0.633358 0.379274 0.406417 0.625735 0.610226 0.697897 0.265663 ;
0.527853 0.290949 0.869904 0.284941 0.091052 0.508386 0.366179 0.403162 0.439665 0.856507 0.191088 0.536201 0.409938 0.461588 0.334158 0.451253 0.715393 0.464693 0.874665 0.332625 ;
0.627216 0.553814 0.619258 0.502338 0.939989 0.504900 0.694443 0.151996 0.249175 0.348420 0.611822 0.616299 0.099903 0.403120 0.424583 0.634182 0.040034 0.727936 0.442636 0.945261 ;
0.547792 0.515112 0.727768 0.640946 0.936765 0.596656 0.749010 0.114092 0.102152 0.398469 0.500280 0.535434 0.134025 0.429531 0.516862 0.602554 0.026575 0.535705 0.332575 0.948423 ;
0.527853 0.545759 0.705618 0.490623 0.924721 0.537810 0.685339 0.160590 0.168671 0.343991 0.753575 0.600340 0.160793 0.899966 0.500955 0.528672 0.066190 0.049410 0.454750 0.929587 ;
0.578531 0.989930 0.665486 0.629412 0.947341 0.573038 0.643650 0.160328 0.111178 0.411980 0.210076 0.440431 0.071466 0.372683 0.566348 0.584645 0.037302 0.755692 0.491059 0.944227 ;
];
X_settling = [];
X_settling_pattern = [];
