X = [0.137016 0.118229 0.184082 0.150969 0.124998 0.122264 0.145511 0.107437 0.116724 0.155548 0.115892 0.105119 0.139066 0.124104 0.119356 0.116419 0.132225 0.120748 0.108252 0.123430 ;
0.137018 0.118181 0.184589 0.151072 0.125011 0.122265 0.145697 0.107413 0.116735 0.155531 0.115943 0.105120 0.139072 0.124096 0.119333 0.116370 0.132246 0.120688 0.108304 0.123432 ;
0.137074 0.118219 0.184351 0.151013 0.125000 0.122266 0.145687 0.107355 0.116726 0.155617 0.115938 0.105110 0.139030 0.124101 0.119333 0.116381 0.132227 0.120732 0.108249 0.123429 ;
0.137057 0.118229 0.184228 0.150986 0.124997 0.122265 0.145630 0.107381 0.116725 0.155615 0.115924 0.105115 0.139042 0.124104 0.119341 0.116396 0.132221 0.120742 0.108245 0.123428 ;
0.137175 0.118245 0.184132 0.150964 0.124991 0.122260 0.145614 0.107231 0.116707 0.155609 0.115940 0.105136 0.139084 0.124112 0.119336 0.116393 0.132254 0.120792 0.108219 0.123436 ;
0.137077 0.118217 0.184363 0.151007 0.125001 0.122265 0.145690 0.107341 0.116725 0.155603 0.115935 0.105110 0.139032 0.124101 0.119331 0.116382 0.132230 0.120730 0.108245 0.123431 ;
0.137015 0.118177 0.184615 0.151077 0.125013 0.122265 0.145704 0.107413 0.116735 0.155523 0.115945 0.105121 0.139074 0.124095 0.119332 0.116368 0.132247 0.120685 0.108307 0.123433 ;
0.137004 0.118228 0.184058 0.150965 0.124999 0.122264 0.145493 0.107449 0.116723 0.155535 0.115886 0.105119 0.139070 0.124104 0.119359 0.116422 0.132224 0.120749 0.108253 0.123431 ;
0.137044 0.118209 0.184376 0.151024 0.125001 0.122265 0.145645 0.107394 0.116728 0.155571 0.115930 0.105122 0.139059 0.124100 0.119339 0.116388 0.132233 0.120717 0.108273 0.123432 ;
0.137044 0.118188 0.184563 0.151065 0.125004 0.122263 0.145685 0.107384 0.116730 0.155546 0.115943 0.105135 0.139065 0.124096 0.119329 0.116376 0.132249 0.120688 0.108299 0.123437 ;
0.137053 0.118210 0.184395 0.151027 0.125000 0.122265 0.145660 0.107384 0.116729 0.155582 0.115935 0.105122 0.139052 0.124100 0.119336 0.116386 0.132233 0.120716 0.108272 0.123432 ;
0.137020 0.118191 0.184504 0.151051 0.125002 0.122263 0.145647 0.107413 0.116731 0.155546 0.115926 0.105137 0.139047 0.124096 0.119331 0.116389 0.132243 0.120689 0.108299 0.123438 ;
0.137035 0.118274 0.184157 0.150965 0.124967 0.122267 0.145629 0.107407 0.116731 0.155858 0.115907 0.105126 0.139017 0.124109 0.119323 0.116437 0.132179 0.120735 0.108229 0.123423 ;
0.137084 0.118268 0.184300 0.150990 0.124971 0.122268 0.145738 0.107347 0.116730 0.155897 0.115939 0.105116 0.139021 0.124108 0.119315 0.116412 0.132183 0.120732 0.108221 0.123421 ;
0.137058 0.118273 0.184196 0.150974 0.124968 0.122267 0.145661 0.107379 0.116730 0.155861 0.115921 0.105124 0.139034 0.124109 0.119321 0.116427 0.132183 0.120737 0.108227 0.123423 ;
0.137070 0.118269 0.184254 0.150986 0.124970 0.122267 0.145692 0.107364 0.116730 0.155861 0.115932 0.105122 0.139046 0.124108 0.119319 0.116418 0.132186 0.120734 0.108230 0.123422 ;
];
X_settling = [];
X_settling_pattern = [];
