X = [0.836872 0.108420 0.155348 0.114436 0.107298 0.150985 0.155839 0.213446 0.113880 0.100269 0.153024 0.116051 0.157703 0.174208 0.138823 0.143022 0.117910 0.108393 0.164752 0.146718 ;
0.837363 0.108380 0.155502 0.114376 0.107290 0.151047 0.155741 0.212563 0.113899 0.100283 0.153055 0.116117 0.157615 0.174140 0.138790 0.142823 0.117904 0.108305 0.164526 0.146776 ;
0.179408 0.287906 0.123991 0.145811 0.118598 0.131372 0.197735 0.907144 0.114638 0.099855 0.146404 0.114826 0.203445 0.168726 0.170360 0.239425 0.133162 0.124449 0.237066 0.087908 ;
0.836896 0.108432 0.155425 0.114377 0.107298 0.151072 0.155783 0.212905 0.113942 0.100314 0.153005 0.116102 0.157768 0.174185 0.138864 0.142890 0.117908 0.108329 0.164612 0.146734 ;
0.832810 0.108890 0.155364 0.114497 0.107327 0.151314 0.155933 0.213231 0.114366 0.100628 0.152898 0.116455 0.158353 0.173802 0.139384 0.142886 0.117921 0.108252 0.164244 0.146599 ;
0.832589 0.108913 0.155352 0.114506 0.107329 0.151322 0.155946 0.213296 0.114385 0.100641 0.152890 0.116466 0.158389 0.173791 0.139410 0.142897 0.117922 0.108254 0.164242 0.146591 ;
0.837198 0.108416 0.155667 0.114321 0.107291 0.151165 0.155651 0.211664 0.113993 0.100356 0.153071 0.116258 0.157616 0.173989 0.138847 0.142604 0.117906 0.108192 0.164208 0.146795 ;
0.837107 0.108425 0.155634 0.114324 0.107295 0.151161 0.155666 0.211840 0.113993 0.100357 0.153058 0.116242 0.157646 0.174010 0.138857 0.142642 0.117909 0.108208 0.164257 0.146775 ;
0.176283 0.291261 0.124090 0.146033 0.118574 0.131374 0.198104 0.909404 0.114634 0.099829 0.146382 0.114785 0.203509 0.168529 0.170598 0.239831 0.133499 0.124406 0.237282 0.087618 ;
0.176393 0.291155 0.124072 0.146032 0.118573 0.131365 0.198104 0.909363 0.114623 0.099820 0.146380 0.114762 0.203534 0.168563 0.170588 0.239839 0.133488 0.124419 0.237319 0.087635 ;
0.179431 0.287881 0.123990 0.145809 0.118598 0.131372 0.197733 0.907128 0.114638 0.099856 0.146404 0.114827 0.203445 0.168728 0.170358 0.239422 0.133159 0.124450 0.237065 0.087910 ;
0.179441 0.287871 0.123990 0.145809 0.118599 0.131372 0.197731 0.907120 0.114638 0.099856 0.146404 0.114827 0.203444 0.168728 0.170357 0.239420 0.133158 0.124450 0.237063 0.087911 ;
0.832466 0.108926 0.155345 0.114510 0.107330 0.151327 0.155952 0.213330 0.114395 0.100649 0.152885 0.116473 0.158409 0.173785 0.139425 0.142902 0.117922 0.108254 0.164240 0.146586 ;
0.832344 0.108939 0.155338 0.114515 0.107331 0.151331 0.155959 0.213365 0.114406 0.100657 0.152881 0.116479 0.158428 0.173779 0.139440 0.142908 0.117922 0.108255 0.164238 0.146582 ;
0.179420 0.287872 0.124012 0.145797 0.118602 0.131388 0.197712 0.907076 0.114658 0.099874 0.146406 0.114864 0.203420 0.168693 0.170366 0.239387 0.133159 0.124430 0.237001 0.087898 ;
0.176381 0.291153 0.124091 0.146024 0.118575 0.131377 0.198088 0.909324 0.114637 0.099834 0.146383 0.114793 0.203501 0.168528 0.170591 0.239812 0.133488 0.124404 0.237263 0.087625 ;
];
X_settling = [];
X_settling_pattern = [];
