X = [0.560718 0.202352 0.059671 0.914202 0.910081 0.062887 0.227185 0.953285 0.968613 0.712819 0.896560 0.200919 0.836732 0.577977 0.946092 0.951542 0.839986 0.008219 0.220211 0.329629 ;
0.903883 0.028086 0.028647 0.961779 0.858309 0.083590 0.477032 0.973897 0.980729 0.772412 0.131131 0.097740 0.913856 0.314178 0.965919 0.028294 0.768160 0.763654 0.261023 0.131682 ;
0.320358 0.871663 0.126561 0.965248 0.846003 0.035728 0.305971 0.919272 0.993260 0.864877 0.850061 0.181838 0.190919 0.366335 0.987310 0.664000 0.815596 0.913635 0.275342 0.208171 ;
0.643015 0.687503 0.161880 0.889282 0.805672 0.038190 0.010864 0.960843 0.958564 0.805164 0.173781 0.083757 0.772548 0.961063 0.970917 0.762617 0.760792 0.420992 0.282408 0.161796 ;
0.488440 0.871794 0.517338 0.956687 0.743407 0.985894 0.063997 0.718386 0.088763 0.981045 0.113114 0.015186 0.644532 0.986628 0.311437 0.597198 0.202281 0.478922 0.051058 0.460373 ;
0.446049 0.788681 0.432585 0.979600 0.771029 0.983177 0.396504 0.692016 0.472588 0.988345 0.837377 0.046074 0.122286 0.795723 0.477860 0.556434 0.268868 0.978472 0.050146 0.453405 ;
0.898132 0.017164 0.171150 0.947165 0.844068 0.987149 0.688425 0.747585 0.137199 0.953840 0.189523 0.035681 0.828162 0.671818 0.303465 0.024095 0.177966 0.896930 0.077259 0.515296 ;
0.639353 0.071075 0.270226 0.947141 0.862567 0.985238 0.600554 0.682995 0.103550 0.955415 0.890772 0.065037 0.856721 0.655166 0.232120 0.889017 0.219291 0.019658 0.042464 0.598013 ;
0.702497 0.949652 0.937331 0.367239 0.108242 0.556750 0.338478 0.132940 0.221998 0.913741 0.054205 0.498878 0.973671 0.246874 0.960381 0.387613 0.884986 0.586601 0.903439 0.096091 ;
0.705490 0.550816 0.950672 0.309489 0.094562 0.743553 0.308597 0.210156 0.163793 0.955390 0.223807 0.565975 0.958537 0.958055 0.046273 0.396724 0.899337 0.033432 0.897982 0.118066 ;
0.682280 0.212110 0.950947 0.517677 0.087185 0.977183 0.317925 0.195267 0.125349 0.952010 0.193689 0.431691 0.959680 0.701526 0.242677 0.734904 0.790043 0.959879 0.707398 0.126218 ;
0.691335 0.051669 0.963235 0.299919 0.080632 0.485846 0.415219 0.229230 0.289048 0.953914 0.202168 0.603678 0.960124 0.505822 0.230362 0.451253 0.888395 0.507279 0.887432 0.149336 ;
0.754566 0.028324 0.848904 0.063505 0.929798 0.455797 0.635790 0.070270 0.300873 0.394084 0.701772 0.947084 0.042488 0.394141 0.375980 0.750277 0.036500 0.725842 0.708195 0.946181 ;
0.719700 0.323560 0.864483 0.100013 0.926086 0.967657 0.700463 0.033183 0.088452 0.411133 0.697394 0.898942 0.047602 0.310969 0.589240 0.867082 0.025896 0.915582 0.606596 0.942576 ;
0.672585 0.355395 0.827269 0.059510 0.925841 0.743083 0.710520 0.067362 0.161988 0.362941 0.801291 0.933063 0.042294 0.888602 0.054393 0.609483 0.071596 0.048980 0.784368 0.938194 ;
0.702633 0.984864 0.811458 0.121467 0.953153 0.596642 0.558116 0.033831 0.169625 0.462041 0.323245 0.837491 0.029585 0.129371 0.984643 0.610566 0.052646 0.633135 0.710170 0.919838 ;
];
X_settling = [];
X_settling_pattern = [];
