X = [0.305556 0.113542 0.191443 0.171596 0.123035 0.123003 0.200759 0.101731 0.118766 0.144947 0.121398 0.119577 0.116136 0.109650 0.125601 0.139793 0.135354 0.144129 0.111828 0.151077 ;
0.305799 0.113542 0.191445 0.171598 0.123037 0.123005 0.200766 0.101722 0.118764 0.144945 0.121388 0.119542 0.116116 0.109653 0.125598 0.139797 0.135355 0.144127 0.111789 0.151078 ;
0.305993 0.113541 0.191445 0.171599 0.123039 0.123007 0.200770 0.101715 0.118762 0.144944 0.121380 0.119514 0.116100 0.109654 0.125597 0.139801 0.135356 0.144125 0.111759 0.151079 ;
0.305721 0.113542 0.191444 0.171597 0.123036 0.123004 0.200763 0.101725 0.118765 0.144946 0.121391 0.119553 0.116122 0.109652 0.125599 0.139796 0.135355 0.144127 0.111802 0.151077 ;
0.305776 0.113546 0.191412 0.171565 0.123041 0.123007 0.200742 0.101716 0.118759 0.144957 0.121390 0.119545 0.116121 0.109653 0.125603 0.139794 0.135356 0.144122 0.111784 0.151079 ;
0.312222 0.113496 0.191479 0.171386 0.123176 0.123099 0.200955 0.101431 0.118604 0.144960 0.121193 0.118651 0.115673 0.109735 0.125439 0.139764 0.135485 0.144088 0.110769 0.151172 ;
0.313740 0.113533 0.191469 0.171644 0.123095 0.123086 0.200943 0.101426 0.118685 0.144891 0.121079 0.118418 0.115470 0.109724 0.125527 0.139936 0.135377 0.144055 0.110568 0.151116 ;
0.313926 0.113533 0.191465 0.171640 0.123096 0.123088 0.200943 0.101419 0.118683 0.144892 0.121072 0.118393 0.115455 0.109726 0.125526 0.139939 0.135377 0.144052 0.110540 0.151116 ;
0.305814 0.113541 0.191447 0.171600 0.123037 0.123005 0.200768 0.101722 0.118764 0.144944 0.121387 0.119539 0.116115 0.109653 0.125598 0.139798 0.135355 0.144127 0.111787 0.151078 ;
0.314093 0.113532 0.191470 0.171646 0.123098 0.123090 0.200950 0.101413 0.118681 0.144889 0.121066 0.118370 0.115441 0.109727 0.125524 0.139942 0.135378 0.144051 0.110515 0.151117 ;
0.313665 0.113533 0.191469 0.171643 0.123095 0.123086 0.200941 0.101429 0.118685 0.144892 0.121082 0.118429 0.115476 0.109724 0.125528 0.139935 0.135377 0.144056 0.110579 0.151115 ;
0.314168 0.113532 0.191470 0.171646 0.123098 0.123090 0.200952 0.101410 0.118681 0.144889 0.121063 0.118359 0.115435 0.109728 0.125523 0.139944 0.135378 0.144051 0.110504 0.151118 ;
0.313561 0.113533 0.191469 0.171643 0.123094 0.123084 0.200939 0.101433 0.118686 0.144892 0.121086 0.118443 0.115484 0.109723 0.125529 0.139933 0.135377 0.144057 0.110595 0.151115 ;
0.305476 0.113542 0.191442 0.171595 0.123035 0.123002 0.200756 0.101734 0.118767 0.144948 0.121401 0.119589 0.116142 0.109649 0.125602 0.139792 0.135354 0.144129 0.111840 0.151076 ;
0.313828 0.113533 0.191469 0.171644 0.123096 0.123087 0.200945 0.101423 0.118684 0.144891 0.121076 0.118406 0.115463 0.109725 0.125526 0.139938 0.135377 0.144054 0.110555 0.151116 ;
0.305484 0.113542 0.191442 0.171595 0.123035 0.123002 0.200757 0.101734 0.118767 0.144948 0.121400 0.119588 0.116141 0.109649 0.125602 0.139792 0.135354 0.144129 0.111839 0.151076 ;
];
X_settling = [];
X_settling_pattern = [];
