X = [0.527853 0.467690 0.360172 0.581239 0.658825 0.455459 0.415530 0.599807 0.435014 0.679770 0.459985 0.441049 0.734605 0.494078 0.502700 0.516159 0.528751 0.062822 0.442636 0.503323 ;
0.527853 0.469484 0.462185 0.584125 0.584417 0.495174 0.438498 0.599807 0.495340 0.680191 0.459985 0.272445 0.745528 0.501146 0.500955 0.116252 0.528236 0.502376 0.442636 0.491764 ;
0.527853 0.466120 0.507959 0.581244 0.667773 0.488503 0.462373 0.599807 0.445206 0.708948 0.459985 0.404564 0.745528 0.403235 0.508321 0.592806 0.519733 0.390598 0.442636 0.540466 ;
0.527853 0.473395 0.472377 0.584125 0.614269 0.486701 0.120715 0.599807 0.429888 0.679770 0.459985 0.436569 0.745528 0.336987 0.500955 0.523669 0.528751 0.361803 0.442636 0.491764 ;
0.527853 0.466120 0.491599 0.584125 0.667773 0.496919 0.157610 0.599807 0.441075 0.710309 0.459985 0.403262 0.645944 0.467788 0.502235 0.592806 0.507725 0.532043 0.442636 0.500244 ;
0.527853 0.414490 0.518185 0.579617 0.581407 0.488526 0.460366 0.599807 0.429888 0.700366 0.459985 0.448168 0.655859 0.498621 0.508557 0.448459 0.528751 0.390970 0.442636 0.542014 ;
0.527853 0.449553 0.504564 0.584125 0.605833 0.491803 0.464809 0.599807 0.495340 0.697992 0.459985 0.240255 0.645944 0.453811 0.500955 0.116252 0.528751 0.445206 0.442636 0.491764 ;
0.527853 0.466196 0.377592 0.570583 0.622283 0.455459 0.480025 0.599807 0.436457 0.680455 0.459985 0.399619 0.660302 0.451873 0.501617 0.447594 0.528751 0.062822 0.442636 0.496148 ;
0.527853 0.415210 0.688191 0.584125 0.298234 0.496919 0.369131 0.599807 0.429888 0.824114 0.459985 0.454239 0.652485 0.460805 0.500955 0.592806 0.481635 0.532043 0.442636 0.491764 ;
0.527853 0.476067 0.722605 0.584125 0.313361 0.496245 0.253930 0.599807 0.432356 0.856211 0.459985 0.623789 0.645944 0.926298 0.501349 0.592806 0.528751 0.520599 0.442636 0.494374 ;
0.527853 0.234669 0.745510 0.584125 0.355011 0.496919 0.369142 0.599807 0.429888 0.821777 0.459985 0.441388 0.645944 0.420003 0.502539 0.541103 0.514684 0.532043 0.442636 0.502255 ;
0.527853 0.482284 0.722605 0.530158 0.298234 0.495425 0.343294 0.599807 0.444370 0.856211 0.459985 0.408258 0.645944 0.467334 0.502656 0.592806 0.508572 0.506652 0.442636 0.503031 ;
0.527853 0.537372 0.471815 0.514708 0.667773 0.494754 0.691960 0.599807 0.432370 0.679770 0.459985 0.453043 0.664225 0.433434 0.502117 0.460678 0.276853 0.495234 0.442636 0.499459 ;
0.527853 0.319157 0.563197 0.584125 0.667773 0.490200 0.738655 0.599807 0.433790 0.682405 0.459985 0.427080 0.645944 0.384254 0.500955 0.567321 0.264828 0.418432 0.442636 0.491764 ;
0.527853 0.523891 0.495710 0.584125 0.667773 0.496919 0.681936 0.599807 0.439545 0.699088 0.459985 0.600246 0.645944 0.923185 0.500955 0.592806 0.289252 0.532043 0.442636 0.491764 ;
0.527853 0.537372 0.518011 0.584125 0.667773 0.491316 0.664575 0.599807 0.429888 0.724876 0.459985 0.438744 0.645944 0.361963 0.502653 0.526947 0.302724 0.437042 0.442636 0.503009 ;
];
X_settling = [];
X_settling_pattern = [];
