X = [0.555969 0.209940 0.134656 0.785606 0.876212 0.160021 0.215534 0.953285 0.816606 0.712819 0.507030 0.453517 0.562994 0.498998 0.789155 0.951542 0.845207 0.008220 0.222553 0.329629 ;
0.887900 0.029121 0.154459 0.882112 0.856473 0.189235 0.279795 0.973897 0.881179 0.772412 0.130145 0.265740 0.783527 0.302466 0.688297 0.030751 0.817597 0.778107 0.244370 0.131682 ;
0.320510 0.874870 0.307392 0.809637 0.836333 0.131247 0.264922 0.919272 0.959104 0.864877 0.811056 0.394305 0.167751 0.323772 0.853076 0.683947 0.791344 0.920159 0.265953 0.208171 ;
0.616936 0.688484 0.330353 0.704871 0.791540 0.125093 0.010864 0.960843 0.818968 0.805164 0.458213 0.293076 0.772548 0.803449 0.834789 0.762617 0.767203 0.421138 0.282408 0.161796 ;
0.488623 0.862220 0.537852 0.956687 0.743407 0.908843 0.055719 0.718386 0.085627 0.981045 0.440404 0.268292 0.571763 0.930847 0.175118 0.612092 0.177523 0.493606 0.051847 0.460373 ;
0.402805 0.775919 0.453952 0.951594 0.758034 0.911365 0.396504 0.692016 0.358540 0.988345 0.751133 0.484274 0.125347 0.801979 0.282431 0.574389 0.262255 0.965679 0.048913 0.453405 ;
0.885757 0.016011 0.333573 0.947165 0.838188 0.936907 0.484811 0.747585 0.137449 0.953840 0.141430 0.264023 0.626854 0.671894 0.230492 0.025148 0.210674 0.874081 0.077259 0.515296 ;
0.617035 0.065333 0.314783 0.938401 0.814451 0.867096 0.579610 0.682995 0.110910 0.955415 0.385833 0.480743 0.622915 0.659884 0.189326 0.889436 0.231630 0.019746 0.046182 0.598013 ;
0.529069 0.951431 0.931433 0.311924 0.108242 0.609009 0.338478 0.132940 0.394856 0.913741 0.054205 0.480367 0.979216 0.278552 0.336851 0.485785 0.760545 0.547372 0.900677 0.096091 ;
0.541466 0.621933 0.952211 0.309489 0.094067 0.769578 0.301690 0.210156 0.335804 0.955390 0.299278 0.588469 0.973510 0.947593 0.024431 0.412963 0.738301 0.035680 0.846506 0.118066 ;
0.536358 0.212734 0.948766 0.511877 0.087185 0.966866 0.317925 0.195267 0.268390 0.952010 0.191966 0.569269 0.956574 0.729291 0.244571 0.734904 0.618917 0.589502 0.709547 0.126218 ;
0.516189 0.054034 0.967633 0.299919 0.079684 0.527603 0.369823 0.229230 0.481225 0.953914 0.191088 0.534800 0.956077 0.542958 0.233199 0.451253 0.715393 0.508278 0.883189 0.149336 ;
0.754566 0.029160 0.740152 0.046101 0.928573 0.433394 0.628171 0.070270 0.303498 0.394084 0.621411 0.765900 0.128072 0.354720 0.360263 0.750277 0.038950 0.725842 0.697486 0.946181 ;
0.719713 0.319818 0.727768 0.096150 0.922031 0.944403 0.689552 0.033183 0.091006 0.411133 0.500280 0.719136 0.138584 0.310969 0.420114 0.878090 0.025888 0.524901 0.605784 0.942576 ;
0.672686 0.419462 0.705618 0.058819 0.925841 0.732451 0.683670 0.067362 0.163638 0.362941 0.753575 0.765188 0.160793 0.871740 0.051135 0.615640 0.065175 0.050132 0.695033 0.938194 ;
0.702862 0.984682 0.665486 0.102313 0.950954 0.551840 0.558116 0.033831 0.139506 0.462041 0.210076 0.628896 0.071466 0.110426 0.532546 0.711638 0.043204 0.725849 0.712056 0.919838 ;
];
X_settling = [];
X_settling_pattern = [];
