X = [0.018999 0.888531 0.145527 0.172486 0.076064 0.159829 0.225159 0.223454 0.171041 0.139200 0.405267 0.159710 0.139537 0.228247 0.113121 0.156620 0.827577 0.177990 0.145035 0.133083 ;
0.019017 0.888649 0.145543 0.172229 0.076031 0.159917 0.225095 0.223020 0.171106 0.139252 0.405166 0.159814 0.139512 0.228176 0.113166 0.156558 0.828035 0.177911 0.144942 0.133040 ;
0.019005 0.888557 0.145516 0.172522 0.076061 0.159737 0.225155 0.223378 0.170970 0.139127 0.405457 0.159787 0.139483 0.228143 0.113062 0.156617 0.827776 0.177993 0.144951 0.133084 ;
0.075277 0.224149 0.159534 0.180402 0.235638 0.208950 0.109433 0.289757 0.196984 0.209791 0.234060 0.225720 0.187500 0.190238 0.157984 0.170273 0.182208 0.174269 0.149821 0.133102 ;
0.075351 0.224441 0.159519 0.180159 0.235536 0.208904 0.109426 0.289421 0.196940 0.209722 0.234129 0.225756 0.187417 0.190140 0.157935 0.170233 0.182972 0.174238 0.149713 0.133093 ;
0.019076 0.889009 0.145662 0.171995 0.075775 0.158315 0.224816 0.224201 0.170083 0.137787 0.408467 0.158885 0.139718 0.229241 0.112057 0.156633 0.831110 0.178175 0.145357 0.133298 ;
0.073731 0.232525 0.159607 0.180701 0.230341 0.207531 0.111611 0.288379 0.196171 0.207880 0.235007 0.221219 0.187220 0.192514 0.156815 0.169196 0.186983 0.173543 0.151741 0.133497 ;
0.019034 0.888526 0.145742 0.171423 0.075929 0.159436 0.224525 0.224556 0.170908 0.138714 0.405984 0.158349 0.140229 0.229966 0.112807 0.156623 0.828748 0.178083 0.145948 0.133235 ;
0.074819 0.228898 0.159688 0.179072 0.233833 0.211680 0.110051 0.284148 0.198821 0.212093 0.231853 0.227213 0.186710 0.189156 0.159651 0.169616 0.183528 0.173469 0.148855 0.132584 ;
0.075111 0.226753 0.159639 0.179316 0.234995 0.211445 0.109608 0.285417 0.198642 0.212016 0.232086 0.227678 0.186887 0.188986 0.159558 0.169921 0.182393 0.173741 0.148727 0.132610 ;
0.074227 0.230661 0.159798 0.179638 0.232569 0.211623 0.110685 0.283996 0.198856 0.211930 0.231716 0.226050 0.186822 0.189937 0.159601 0.169326 0.182983 0.173240 0.149559 0.132677 ;
0.074854 0.228894 0.159676 0.178975 0.233951 0.211878 0.109989 0.283836 0.198942 0.212287 0.231716 0.227512 0.186642 0.188954 0.159780 0.169631 0.183494 0.173462 0.148678 0.132538 ;
0.075462 0.226260 0.159517 0.179012 0.235251 0.210470 0.109392 0.286044 0.197932 0.211107 0.232982 0.227410 0.186808 0.188919 0.158895 0.170017 0.184318 0.173908 0.148617 0.132734 ;
0.075274 0.227219 0.159571 0.178949 0.234737 0.210858 0.109613 0.285339 0.198216 0.211412 0.232628 0.227341 0.186756 0.188982 0.159130 0.169872 0.184306 0.173753 0.148678 0.132681 ;
0.075615 0.224641 0.159475 0.179439 0.235959 0.209779 0.109150 0.287648 0.197463 0.210557 0.233539 0.227168 0.187041 0.189139 0.158491 0.170239 0.183601 0.174155 0.148819 0.132864 ;
0.075436 0.226341 0.159525 0.179041 0.235159 0.210405 0.109434 0.286121 0.197895 0.211037 0.233023 0.227274 0.186830 0.189007 0.158850 0.170000 0.184366 0.173900 0.148694 0.132750 ;
];
X_settling = [];
X_settling_pattern = [];
