X = [0.452343 0.204207 0.063321 0.870984 0.800181 0.051164 0.909869 0.651899 0.967398 0.821115 0.858982 0.102112 0.961178 0.038941 0.948232 0.879281 0.961666 0.003789 0.089337 0.439279 ;
0.965455 0.061811 0.055639 0.828258 0.796281 0.092669 0.626357 0.663668 0.980858 0.730883 0.043190 0.044436 0.934300 0.294698 0.961572 0.556683 0.925849 0.862251 0.036048 0.283346 ;
0.613808 0.961095 0.062712 0.947741 0.647451 0.025143 0.220186 0.713317 0.991963 0.926025 0.851364 0.096820 0.019792 0.304880 0.986024 0.832427 0.964402 0.417646 0.073484 0.309779 ;
0.385017 0.616828 0.202205 0.853128 0.879312 0.058083 0.025607 0.643434 0.948767 0.839425 0.021487 0.050439 0.980484 0.941911 0.967951 0.855278 0.952145 0.082795 0.044618 0.119492 ;
0.302804 0.820957 0.065782 0.967937 0.911353 0.912119 0.056360 0.885229 0.063908 0.827417 0.014762 0.022846 0.970305 0.991856 0.648445 0.828844 0.031413 0.193625 0.020695 0.914874 ;
0.285311 0.951790 0.031491 0.985668 0.710459 0.718658 0.387518 0.920822 0.449540 0.939104 0.819162 0.058430 0.014645 0.839980 0.805880 0.879989 0.048403 0.367633 0.014026 0.960621 ;
0.888407 0.067873 0.057190 0.885500 0.878106 0.884414 0.807591 0.785289 0.120172 0.591049 0.031659 0.054928 0.901153 0.739246 0.482906 0.745977 0.021582 0.939651 0.038585 0.963639 ;
0.307508 0.117038 0.042657 0.959559 0.792527 0.758312 0.978339 0.814377 0.095127 0.789593 0.899878 0.071651 0.961853 0.089588 0.581835 0.917153 0.035391 0.016572 0.040297 0.988439 ;
0.579829 0.253603 0.957778 0.066765 0.007105 0.761286 0.183361 0.072684 0.062082 0.966208 0.134677 0.986681 0.802074 0.198684 0.948363 0.167602 0.688906 0.396382 0.965493 0.066704 ;
0.939777 0.232494 0.941165 0.084370 0.006762 0.872433 0.137117 0.065319 0.037300 0.974517 0.094930 0.993767 0.905641 0.948005 0.037113 0.050247 0.680050 0.027254 0.974273 0.063141 ;
0.029064 0.121764 0.905347 0.084666 0.007304 0.809988 0.208560 0.194037 0.027517 0.970250 0.057060 0.984585 0.830182 0.603442 0.266785 0.247323 0.495579 0.501441 0.956651 0.130319 ;
0.861117 0.280964 0.953780 0.072956 0.005432 0.099319 0.176166 0.120432 0.050695 0.975051 0.116769 0.989568 0.882171 0.150053 0.177284 0.282414 0.705929 0.598479 0.980061 0.068685 ;
0.946537 0.460256 0.942633 0.243092 0.934646 0.017048 0.968092 0.057385 0.096268 0.046663 0.893932 0.950995 0.007717 0.119545 0.255027 0.945977 0.050819 0.473598 0.982664 0.980436 ;
0.088263 0.187681 0.890296 0.131725 0.916374 0.711410 0.980217 0.052060 0.027083 0.021528 0.800056 0.959885 0.012670 0.348312 0.541833 0.913974 0.017286 0.514885 0.986014 0.987148 ;
0.967290 0.363696 0.898946 0.184278 0.926705 0.756044 0.956665 0.041660 0.071519 0.050998 0.812967 0.969572 0.020320 0.933591 0.032997 0.585477 0.046243 0.061376 0.983843 0.965862 ;
0.808777 0.587743 0.885116 0.173056 0.910526 0.694011 0.961033 0.034344 0.051163 0.037520 0.760757 0.943130 0.006766 0.163311 0.979299 0.896205 0.031911 0.335372 0.978850 0.975947 ;
];
X_settling = [];
X_settling_pattern = [];
