X = [0.071628 0.109771 0.102859 0.257920 0.062809 0.104329 0.015819 0.940104 0.633552 0.551361 0.044432 0.947850 0.060612 0.057055 0.749813 0.682865 0.081045 0.079671 0.721463 0.082516 ;
0.071600 0.109785 0.102870 0.257716 0.062831 0.104344 0.015821 0.940094 0.633405 0.551453 0.044441 0.947848 0.060625 0.057062 0.749583 0.682529 0.081081 0.079670 0.721449 0.082540 ;
0.036192 0.128789 0.106205 0.080598 0.129118 0.145075 0.018949 0.962615 0.414597 0.764730 0.052120 0.954056 0.096956 0.062974 0.344223 0.173660 0.195794 0.069885 0.661986 0.153196 ;
0.071649 0.109760 0.102851 0.258073 0.062793 0.104317 0.015817 0.940111 0.633662 0.551292 0.044426 0.947851 0.060603 0.057049 0.749986 0.683118 0.081018 0.079672 0.721474 0.082498 ;
0.831682 0.096398 0.164870 0.508622 0.043540 0.129888 0.028570 0.940073 0.810861 0.348320 0.046681 0.056398 0.065528 0.063199 0.835611 0.878691 0.057867 0.125860 0.014391 0.046876 ;
0.831540 0.096408 0.164898 0.508319 0.043549 0.129912 0.028572 0.940044 0.810758 0.348323 0.046694 0.056400 0.065545 0.063209 0.835456 0.878539 0.057883 0.125867 0.014394 0.046886 ;
0.833389 0.096245 0.164491 0.513265 0.043420 0.129574 0.028554 0.940505 0.812274 0.348098 0.046487 0.056399 0.065314 0.063069 0.837768 0.880843 0.057649 0.125755 0.014361 0.046745 ;
0.832660 0.096249 0.164525 0.512912 0.043431 0.129614 0.028552 0.940568 0.812099 0.348085 0.046514 0.056457 0.065357 0.063086 0.837559 0.880596 0.057674 0.125752 0.014386 0.046764 ;
0.054074 0.029063 0.835565 0.755291 0.747338 0.877886 0.844152 0.945997 0.031369 0.130523 0.069990 0.030524 0.846553 0.934330 0.056673 0.031371 0.782866 0.867484 0.668644 0.608303 ;
0.963311 0.040830 0.754571 0.701596 0.570497 0.885926 0.882187 0.040500 0.043885 0.098484 0.035029 0.014034 0.836263 0.903430 0.080607 0.085676 0.587202 0.830248 0.443556 0.445243 ;
0.963328 0.040334 0.753924 0.700123 0.574498 0.887275 0.882175 0.040464 0.043158 0.099036 0.035018 0.014138 0.838055 0.904233 0.079834 0.084524 0.592157 0.831003 0.445962 0.449262 ;
0.963336 0.040309 0.754128 0.700430 0.574773 0.887336 0.882356 0.040478 0.043112 0.098999 0.035017 0.014138 0.838144 0.904389 0.079791 0.084472 0.592466 0.831195 0.446403 0.449525 ;
0.954149 0.013526 0.018628 0.022266 0.724528 0.933152 0.022683 0.030336 0.040957 0.959419 0.041923 0.906994 0.904639 0.054094 0.082027 0.103388 0.906347 0.036137 0.037845 0.761497 ;
0.954149 0.013522 0.018624 0.022262 0.724631 0.933168 0.022681 0.030337 0.040942 0.959435 0.041925 0.907048 0.904662 0.054098 0.082006 0.103361 0.906402 0.036131 0.037847 0.761574 ;
0.954117 0.013604 0.018705 0.022336 0.722715 0.932870 0.022735 0.030319 0.041202 0.959113 0.041898 0.905993 0.904232 0.054067 0.082370 0.103791 0.905374 0.036274 0.037835 0.760135 ;
0.038800 0.012235 0.029126 0.025512 0.798698 0.890036 0.014826 0.939003 0.043485 0.967591 0.057556 0.953200 0.879457 0.060311 0.072133 0.049020 0.937449 0.038356 0.065743 0.812829 ;
];
X_settling = [];
X_settling_pattern = [];
