X = [0.522737 0.553770 0.235748 0.584354 0.754875 0.456156 0.814209 0.579427 0.413757 0.722709 0.473180 0.405956 0.638880 0.671748 0.465004 0.613846 0.515683 0.034716 0.449421 0.586478 ;
0.562120 0.098637 0.130774 0.587606 0.668642 0.511137 0.526751 0.694074 0.437190 0.679770 0.166040 0.433637 0.630205 0.449924 0.308773 0.560211 0.516443 0.338041 0.457196 0.467595 ;
0.563937 0.875316 0.134978 0.549185 0.687750 0.454412 0.454258 0.757455 0.626003 0.907619 0.765180 0.493392 0.636752 0.442333 0.435595 0.595261 0.566816 0.317789 0.442636 0.516610 ;
0.498010 0.430525 0.301481 0.563090 0.702826 0.498580 0.153881 0.507383 0.389224 0.679770 0.459985 0.186474 0.612741 0.971454 0.540810 0.750931 0.459776 0.365807 0.474199 0.496681 ;
0.526746 0.545011 0.469179 0.542944 0.742534 0.496919 0.188919 0.623141 0.195464 0.711623 0.401314 0.220847 0.624377 0.971664 0.510591 0.756623 0.533057 0.532430 0.442636 0.495711 ;
0.550680 0.780438 0.292154 0.559727 0.732382 0.434063 0.503003 0.799674 0.402198 0.919137 0.866347 0.460464 0.645944 0.620601 0.487047 0.559209 0.545757 0.348385 0.442636 0.446693 ;
0.539442 0.085276 0.273950 0.536610 0.763042 0.511137 0.548511 0.596331 0.290566 0.679770 0.143904 0.481767 0.605359 0.518925 0.449788 0.572473 0.509976 0.445206 0.481106 0.505415 ;
0.529036 0.367563 0.404215 0.561194 0.794855 0.310580 0.832982 0.556706 0.229121 0.696472 0.430289 0.459329 0.645605 0.463413 0.595860 0.554438 0.528619 0.063258 0.442963 0.556292 ;
0.679812 0.356241 0.718345 0.382354 0.640306 0.496919 0.503003 0.599807 0.460868 0.716430 0.581943 0.715786 0.596953 0.460805 0.358466 0.270320 0.730245 0.490311 0.442636 0.250140 ;
0.553521 0.398814 0.726422 0.325720 0.674327 0.496919 0.433308 0.566546 0.426927 0.689771 0.671907 0.689578 0.600272 0.948321 0.032905 0.275745 0.753188 0.038747 0.485844 0.285323 ;
0.521632 0.434214 0.703240 0.390486 0.693595 0.498166 0.565096 0.618123 0.283749 0.723580 0.477011 0.751307 0.598705 0.522450 0.381449 0.293393 0.694897 0.545870 0.473412 0.295384 ;
0.526546 0.470241 0.643045 0.325720 0.634931 0.040537 0.549318 0.575819 0.429888 0.721669 0.390059 0.732405 0.548795 0.454459 0.319393 0.263340 0.735119 0.444188 0.512950 0.295083 ;
0.522694 0.326433 0.397204 0.355666 0.814237 0.017241 0.836456 0.052690 0.473785 0.735223 0.550956 0.798758 0.121407 0.669468 0.369925 0.714872 0.268624 0.403752 0.733525 0.691884 ;
0.562579 0.339981 0.471117 0.347304 0.844848 0.497538 0.865135 0.041537 0.301958 0.689234 0.467377 0.875164 0.114409 0.575318 0.444358 0.704280 0.268074 0.409218 0.733525 0.694761 ;
0.535165 0.372280 0.442770 0.318524 0.810856 0.496919 0.822649 0.063287 0.428716 0.682473 0.637081 0.782409 0.161420 0.959212 0.041604 0.700134 0.335724 0.038444 0.685010 0.655631 ;
0.693836 0.431784 0.486809 0.294187 0.831065 0.498502 0.861095 0.049318 0.451613 0.758817 0.580026 0.818226 0.137031 0.618333 0.459675 0.694086 0.317795 0.437619 0.733525 0.697878 ;
];
X_settling = [];
X_settling_pattern = [];
