X = [0.124902 0.111379 0.128170 0.126510 0.122656 0.121146 0.126087 0.128518 0.119301 0.120898 0.144425 0.122909 0.111748 0.123326 0.109869 0.113192 0.136908 0.123259 0.126284 0.132316 ;
0.124898 0.111380 0.128165 0.126509 0.122657 0.121146 0.126086 0.128518 0.119301 0.120901 0.144409 0.122913 0.111741 0.123327 0.109864 0.113186 0.136913 0.123257 0.126281 0.132315 ;
0.124910 0.111378 0.128173 0.126508 0.122656 0.121146 0.126089 0.128520 0.119300 0.120901 0.144445 0.122907 0.111753 0.123323 0.109875 0.113188 0.136909 0.123256 0.126288 0.132319 ;
0.124906 0.111380 0.128171 0.126508 0.122657 0.121146 0.126089 0.128519 0.119301 0.120901 0.144436 0.122909 0.111747 0.123325 0.109869 0.113188 0.136911 0.123256 0.126282 0.132316 ;
0.124905 0.111376 0.128143 0.126519 0.122654 0.121146 0.126084 0.128520 0.119296 0.120897 0.144416 0.122908 0.111746 0.123324 0.109872 0.113193 0.136913 0.123253 0.126324 0.132336 ;
0.124912 0.111375 0.128147 0.126520 0.122654 0.121146 0.126086 0.128521 0.119295 0.120898 0.144433 0.122906 0.111755 0.123321 0.109881 0.113193 0.136911 0.123253 0.126330 0.132339 ;
0.124896 0.111376 0.128136 0.126519 0.122654 0.121145 0.126081 0.128519 0.119297 0.120896 0.144385 0.122912 0.111739 0.123326 0.109866 0.113192 0.136916 0.123254 0.126323 0.132336 ;
0.124902 0.111375 0.128141 0.126520 0.122654 0.121145 0.126083 0.128519 0.119296 0.120894 0.144404 0.122908 0.111748 0.123325 0.109872 0.113197 0.136910 0.123256 0.126327 0.132338 ;
0.124868 0.111353 0.128145 0.126513 0.122658 0.121147 0.126107 0.128516 0.119296 0.120906 0.144441 0.122890 0.111753 0.123301 0.109899 0.113183 0.136923 0.123243 0.126293 0.132323 ;
0.124870 0.111373 0.128140 0.126504 0.122660 0.121145 0.126109 0.128518 0.119298 0.120919 0.144403 0.122895 0.111752 0.123310 0.109870 0.113138 0.136917 0.123247 0.126289 0.132320 ;
0.124897 0.111376 0.128165 0.126510 0.122655 0.121146 0.126087 0.128518 0.119298 0.120907 0.144417 0.122900 0.111740 0.123323 0.109874 0.113196 0.136911 0.123248 0.126297 0.132322 ;
0.124876 0.111362 0.128146 0.126518 0.122658 0.121145 0.126104 0.128520 0.119297 0.120896 0.144441 0.122894 0.111751 0.123303 0.109893 0.113182 0.136918 0.123246 0.126296 0.132324 ;
0.124902 0.111373 0.128157 0.126512 0.122657 0.121145 0.126083 0.128521 0.119299 0.120901 0.144383 0.122911 0.111749 0.123323 0.109875 0.113189 0.136912 0.123250 0.126298 0.132324 ;
0.124894 0.111373 0.128161 0.126510 0.122656 0.121146 0.126083 0.128519 0.119299 0.120906 0.144384 0.122901 0.111742 0.123323 0.109875 0.113193 0.136913 0.123249 0.126297 0.132324 ;
0.124905 0.111373 0.128155 0.126511 0.122658 0.121146 0.126079 0.128520 0.119299 0.120904 0.144349 0.122912 0.111747 0.123323 0.109875 0.113188 0.136911 0.123249 0.126296 0.132324 ;
0.124902 0.111373 0.128157 0.126512 0.122656 0.121145 0.126083 0.128520 0.119298 0.120902 0.144385 0.122914 0.111746 0.123323 0.109874 0.113190 0.136911 0.123247 0.126298 0.132325 ;
];
X_settling = [];
X_settling_pattern = [];
