X = [0.035015 0.004477 0.170875 0.985256 0.995002 0.011180 0.006098 0.021431 0.091869 0.077031 0.006568 0.035936 0.994497 0.012462 0.873636 0.038693 0.018947 0.008020 0.999128 0.915335 ;
0.034998 0.004478 0.170765 0.985252 0.995009 0.011178 0.006097 0.021433 0.091861 0.077021 0.006566 0.035930 0.994483 0.012464 0.873579 0.038664 0.018940 0.008018 0.999130 0.915407 ;
0.080853 0.011640 0.181981 0.989652 0.062885 0.034925 0.028723 0.071446 0.089897 0.053554 0.005380 0.048799 0.998400 0.023392 0.940250 0.062593 0.043907 0.020280 0.999164 0.066979 ;
0.080875 0.011607 0.181942 0.989729 0.061972 0.034946 0.028724 0.071531 0.089908 0.053369 0.005379 0.048601 0.998401 0.023398 0.940624 0.062356 0.043945 0.020275 0.999164 0.066654 ;
0.035010 0.004477 0.170869 0.985258 0.995006 0.011182 0.006098 0.021431 0.091867 0.077038 0.006568 0.035940 0.994494 0.012462 0.873601 0.038698 0.018946 0.008019 0.999128 0.915360 ;
0.037466 0.004838 0.025665 0.981288 0.997417 0.011545 0.008197 0.024728 0.074150 0.102236 0.041887 0.026033 0.027695 0.024621 0.567348 0.028857 0.011161 0.010128 0.999945 0.954796 ;
0.037415 0.004833 0.025681 0.981331 0.997418 0.011532 0.008194 0.024727 0.074132 0.102290 0.042322 0.026011 0.027342 0.024635 0.566885 0.028826 0.011151 0.010119 0.999945 0.954814 ;
0.037465 0.004837 0.025665 0.981290 0.997417 0.011543 0.008197 0.024728 0.074149 0.102235 0.041905 0.026031 0.027681 0.024621 0.567367 0.028852 0.011161 0.010127 0.999945 0.954798 ;
0.035014 0.004475 0.170874 0.985257 0.995002 0.011176 0.006098 0.021428 0.091876 0.077006 0.006569 0.035924 0.994498 0.012460 0.873682 0.038675 0.018946 0.008019 0.999128 0.915350 ;
0.035029 0.004477 0.170923 0.985255 0.994995 0.011178 0.006099 0.021428 0.091890 0.076993 0.006569 0.035925 0.994507 0.012461 0.873700 0.038692 0.018950 0.008022 0.999128 0.915293 ;
0.035025 0.004476 0.170907 0.985256 0.994997 0.011177 0.006099 0.021428 0.091886 0.076999 0.006569 0.035925 0.994504 0.012461 0.873696 0.038688 0.018949 0.008021 0.999128 0.915306 ;
0.035042 0.004477 0.170953 0.985255 0.994990 0.011180 0.006101 0.021428 0.091907 0.076987 0.006571 0.035926 0.994513 0.012461 0.873715 0.038710 0.018952 0.008025 0.999127 0.915235 ;
0.080872 0.011610 0.181948 0.989720 0.062076 0.034944 0.028724 0.071522 0.089907 0.053391 0.005379 0.048625 0.998401 0.023398 0.940581 0.062383 0.043941 0.020276 0.999164 0.066691 ;
0.080873 0.011609 0.181946 0.989723 0.062037 0.034945 0.028724 0.071525 0.089907 0.053383 0.005379 0.048616 0.998401 0.023398 0.940597 0.062373 0.043943 0.020276 0.999164 0.066677 ;
0.080876 0.011605 0.181941 0.989734 0.061910 0.034948 0.028724 0.071537 0.089908 0.053357 0.005379 0.048589 0.998401 0.023399 0.940649 0.062341 0.043948 0.020275 0.999165 0.066631 ;
0.080873 0.011609 0.181947 0.989722 0.062046 0.034945 0.028724 0.071524 0.089907 0.053384 0.005379 0.048618 0.998401 0.023398 0.940594 0.062375 0.043942 0.020276 0.999164 0.066680 ;
];
X_settling = [];
X_settling_pattern = [];
