X = [0.397907 0.022225 0.072762 0.882165 0.851321 0.050590 0.909869 0.680642 0.968173 0.777552 0.982834 0.079205 0.961178 0.037150 0.948232 0.862110 0.958306 0.002587 0.077401 0.162204 ;
0.965455 0.016689 0.066290 0.895767 0.798706 0.092669 0.626357 0.671131 0.976899 0.710127 0.052760 0.019185 0.934300 0.294698 0.961572 0.154424 0.942084 0.862290 0.045391 0.069802 ;
0.359223 0.973293 0.035868 0.951501 0.663794 0.025143 0.227664 0.815738 0.992038 0.932034 0.848753 0.029528 0.021832 0.304880 0.983269 0.759097 0.960326 0.752927 0.035282 0.078186 ;
0.385017 0.615747 0.220343 0.927798 0.888333 0.057766 0.025607 0.789306 0.942880 0.821210 0.021487 0.045808 0.984054 0.940586 0.967951 0.855278 0.951438 0.009608 0.051789 0.026975 ;
0.109670 0.794565 0.065782 0.984241 0.911353 0.911870 0.087061 0.926747 0.063908 0.939156 0.020896 0.020262 0.983484 0.991752 0.201889 0.776379 0.031413 0.031771 0.018137 0.910620 ;
0.048057 0.973672 0.015389 0.987563 0.725082 0.718658 0.502539 0.958212 0.402794 0.981868 0.811247 0.012498 0.021295 0.847011 0.362788 0.903866 0.061669 0.648537 0.008138 0.951909 ;
0.736157 0.014448 0.064774 0.946643 0.882739 0.883686 0.867821 0.777055 0.106141 0.787209 0.030883 0.023863 0.928647 0.738617 0.122597 0.325314 0.021614 0.904693 0.045864 0.962299 ;
0.119948 0.015355 0.042703 0.962631 0.845248 0.755326 0.986323 0.814045 0.089973 0.900897 0.983101 0.055403 0.973396 0.084286 0.160242 0.901023 0.037149 0.014880 0.042854 0.985689 ;
0.576440 0.936118 0.952321 0.054728 0.007105 0.761286 0.184251 0.042027 0.027676 0.966724 0.090117 0.984639 0.908245 0.207177 0.947116 0.204627 0.874962 0.521589 0.987585 0.044019 ;
0.926060 0.339353 0.972665 0.057024 0.006801 0.872433 0.145905 0.038247 0.017037 0.978840 0.066382 0.993529 0.968332 0.948005 0.027567 0.046849 0.864337 0.031944 0.989946 0.059808 ;
0.018952 0.096114 0.912252 0.091510 0.007304 0.809988 0.225636 0.119088 0.013810 0.977124 0.037441 0.980349 0.940925 0.666605 0.191892 0.540254 0.715895 0.445177 0.978090 0.130319 ;
0.833029 0.197873 0.965341 0.075182 0.005502 0.099319 0.176166 0.058123 0.022485 0.974485 0.085335 0.987744 0.954806 0.150053 0.177284 0.203765 0.883525 0.639619 0.991516 0.068685 ;
0.938506 0.438945 0.978254 0.113258 0.935774 0.016021 0.968092 0.023937 0.096480 0.011807 0.894974 0.927742 0.007717 0.094739 0.255027 0.942068 0.017294 0.448043 0.980457 0.974492 ;
0.074099 0.330618 0.957831 0.056481 0.920698 0.697875 0.981732 0.017406 0.027282 0.006358 0.767282 0.956932 0.013504 0.339879 0.455834 0.965197 0.005748 0.445211 0.986014 0.986025 ;
0.965536 0.352288 0.975557 0.061136 0.926705 0.743266 0.957612 0.015333 0.071519 0.012228 0.812967 0.969265 0.020689 0.913944 0.030011 0.514475 0.020002 0.051537 0.983843 0.965121 ;
0.746043 0.988258 0.948639 0.089216 0.914376 0.679362 0.963324 0.014716 0.051469 0.010048 0.795388 0.915924 0.007111 0.128507 0.973126 0.896205 0.010718 0.336732 0.974823 0.964913 ;
];
X_settling = [];
X_settling_pattern = [];
