X = [0.202241 0.190792 0.124331 0.183734 0.113585 0.142247 0.150403 0.677785 0.118682 0.098185 0.163471 0.128747 0.153562 0.163814 0.169157 0.187537 0.116491 0.111081 0.127611 0.154622 ;
0.198486 0.198053 0.122833 0.184174 0.113441 0.141112 0.150885 0.711662 0.117727 0.097504 0.163361 0.127962 0.153279 0.164178 0.169263 0.192183 0.117290 0.111680 0.129884 0.151619 ;
0.182251 0.231071 0.117470 0.185989 0.112706 0.137294 0.153043 0.816369 0.114160 0.094918 0.162863 0.124598 0.152092 0.165276 0.169830 0.208928 0.120923 0.113767 0.137836 0.141864 ;
0.202577 0.190157 0.124470 0.183695 0.113597 0.142353 0.150361 0.674573 0.118770 0.098247 0.163481 0.128817 0.153587 0.163780 0.169148 0.187110 0.116420 0.111025 0.127401 0.154904 ;
0.194600 0.205811 0.121383 0.184624 0.113279 0.140036 0.151396 0.742724 0.116786 0.096828 0.163246 0.127145 0.152984 0.164511 0.169384 0.196713 0.118136 0.112254 0.132073 0.148817 ;
0.180434 0.234770 0.116980 0.186179 0.112617 0.136973 0.153283 0.824473 0.113823 0.094671 0.162804 0.124238 0.151972 0.165351 0.169903 0.210438 0.121343 0.113948 0.138535 0.141065 ;
0.190550 0.214057 0.119984 0.185084 0.113099 0.139024 0.151936 0.770846 0.115862 0.096159 0.163123 0.126297 0.152681 0.164811 0.169519 0.201096 0.119036 0.112803 0.134164 0.146222 ;
0.200898 0.193358 0.123784 0.183892 0.113535 0.141830 0.150574 0.690336 0.118336 0.097938 0.163432 0.128467 0.153461 0.163949 0.169194 0.189227 0.116774 0.111300 0.128441 0.153514 ;
0.153723 0.285383 0.111964 0.188596 0.111475 0.134386 0.156367 0.895614 0.110308 0.092056 0.161870 0.119929 0.151011 0.165333 0.171311 0.225158 0.127587 0.115337 0.145372 0.133790 ;
0.155094 0.282980 0.112127 0.188492 0.111518 0.134430 0.156238 0.893416 0.110423 0.092144 0.161918 0.120084 0.151007 0.165389 0.171216 0.224702 0.127266 0.115332 0.145149 0.134024 ;
0.155084 0.282995 0.112126 0.188492 0.111518 0.134430 0.156239 0.893429 0.110423 0.092144 0.161918 0.120084 0.151007 0.165388 0.171217 0.224704 0.127269 0.115332 0.145150 0.134021 ;
0.155132 0.282910 0.112132 0.188488 0.111519 0.134432 0.156234 0.893349 0.110427 0.092147 0.161919 0.120090 0.151007 0.165389 0.171214 0.224687 0.127257 0.115331 0.145142 0.134030 ;
0.156409 0.280651 0.112295 0.188388 0.111562 0.134481 0.156110 0.891202 0.110542 0.092234 0.161965 0.120245 0.151010 0.165435 0.171130 0.224234 0.126959 0.115318 0.144924 0.134255 ;
0.158843 0.276298 0.112628 0.188192 0.111648 0.134598 0.155863 0.886840 0.110777 0.092412 0.162052 0.120561 0.151034 0.165506 0.170976 0.223300 0.126390 0.115274 0.144478 0.134711 ;
0.155179 0.282827 0.112138 0.188484 0.111521 0.134433 0.156230 0.893272 0.110432 0.092150 0.161921 0.120096 0.151007 0.165391 0.171211 0.224670 0.127246 0.115331 0.145134 0.134038 ;
0.153782 0.285279 0.111971 0.188591 0.111477 0.134388 0.156361 0.895520 0.110313 0.092060 0.161872 0.119937 0.151011 0.165335 0.171307 0.225138 0.127573 0.115337 0.145362 0.133799 ;
];
X_settling = [];
X_settling_pattern = [];
