X = [0.026864 0.976092 0.284493 0.338083 0.018718 0.103524 0.773783 0.124144 0.151414 0.125148 0.509892 0.243809 0.131260 0.248189 0.094847 0.116558 0.908260 0.176333 0.174206 0.196061 ;
0.026855 0.976112 0.284200 0.336550 0.018664 0.103940 0.773642 0.124407 0.151987 0.125462 0.508899 0.241786 0.131766 0.249787 0.095061 0.116687 0.908322 0.176559 0.175590 0.195885 ;
0.026795 0.976229 0.282947 0.327622 0.018281 0.106573 0.773495 0.126459 0.155754 0.127516 0.503100 0.229191 0.135470 0.261192 0.096389 0.117356 0.908671 0.177710 0.185456 0.194947 ;
0.018108 0.039644 0.110194 0.672748 0.894071 0.057957 0.022158 0.901283 0.120586 0.101607 0.756587 0.064535 0.813117 0.940451 0.061037 0.388349 0.121709 0.797165 0.856722 0.423445 ;
0.018123 0.039807 0.109826 0.669813 0.893545 0.058483 0.022139 0.901175 0.121197 0.102208 0.754691 0.064334 0.812576 0.940258 0.061454 0.388528 0.121575 0.797309 0.856705 0.422167 ;
0.026915 0.975966 0.286806 0.347801 0.018982 0.100979 0.775405 0.123146 0.148130 0.123218 0.516456 0.254991 0.128846 0.240541 0.093447 0.115729 0.907949 0.174867 0.167617 0.197408 ;
0.026852 0.976107 0.284184 0.337463 0.018713 0.103853 0.773560 0.124068 0.151718 0.125456 0.509035 0.243674 0.131253 0.248066 0.095077 0.116624 0.908132 0.176476 0.174133 0.195785 ;
0.026866 0.976095 0.284368 0.337711 0.018727 0.103594 0.773584 0.124052 0.151473 0.125198 0.509651 0.243761 0.131240 0.248100 0.094899 0.116572 0.908285 0.176355 0.174095 0.195988 ;
0.013166 0.976218 0.653970 0.090054 0.011113 0.881347 0.867030 0.705472 0.918193 0.840545 0.075938 0.120894 0.779585 0.923280 0.622000 0.066670 0.058786 0.072482 0.869887 0.068329 ;
0.013160 0.976255 0.652485 0.090046 0.011148 0.881615 0.866518 0.706055 0.918264 0.840813 0.075903 0.121015 0.778916 0.922863 0.622594 0.067011 0.058741 0.073010 0.869613 0.068193 ;
0.039242 0.971862 0.678934 0.050257 0.008708 0.840018 0.866681 0.180281 0.892829 0.790855 0.110464 0.148786 0.785220 0.929263 0.567243 0.049609 0.840046 0.054635 0.806249 0.087003 ;
0.013208 0.976291 0.652912 0.089823 0.011150 0.881994 0.866310 0.701906 0.918468 0.841214 0.075612 0.121324 0.779110 0.922739 0.623453 0.066790 0.059192 0.072701 0.868806 0.068358 ;
0.024164 0.968840 0.068295 0.158817 0.612332 0.929241 0.075355 0.390533 0.864412 0.909025 0.067764 0.808436 0.111058 0.022353 0.738507 0.613377 0.115094 0.894034 0.036508 0.062487 ;
0.056318 0.973398 0.082955 0.099411 0.346403 0.895140 0.145744 0.096838 0.820480 0.864316 0.101518 0.820226 0.100621 0.029346 0.678062 0.529336 0.900286 0.845113 0.033100 0.066640 ;
0.023389 0.968216 0.067586 0.161699 0.619169 0.928746 0.074896 0.442231 0.863438 0.909092 0.069148 0.808975 0.110730 0.022235 0.736205 0.621921 0.100538 0.899025 0.037618 0.060957 ;
0.023389 0.968216 0.067587 0.161697 0.619166 0.928746 0.074896 0.442201 0.863439 0.909092 0.069147 0.808975 0.110730 0.022235 0.736207 0.621916 0.100546 0.899022 0.037617 0.060958 ;
];
X_settling = [];
X_settling_pattern = [];
