X = [0.128718 0.117214 0.193101 0.116191 0.145035 0.134821 0.168853 0.124399 0.124398 0.224545 0.956955 0.100401 0.063502 0.153421 0.101761 0.115166 0.148201 0.139165 0.131275 0.195285 ;
0.128713 0.117299 0.193277 0.115979 0.145027 0.134827 0.168980 0.124437 0.124401 0.224840 0.957195 0.100329 0.063474 0.153457 0.101683 0.114902 0.148245 0.139237 0.131352 0.195306 ;
0.128652 0.117246 0.193342 0.115917 0.145043 0.134823 0.169000 0.124510 0.124424 0.224820 0.957139 0.100328 0.063470 0.153534 0.101573 0.114685 0.148278 0.139244 0.131513 0.195248 ;
0.128838 0.117345 0.192778 0.116008 0.145004 0.134834 0.168852 0.124352 0.124387 0.224784 0.957120 0.100415 0.063474 0.153270 0.101917 0.115212 0.148196 0.139225 0.131056 0.195381 ;
0.128916 0.117504 0.192607 0.115830 0.144930 0.134847 0.168893 0.124353 0.124423 0.225066 0.957213 0.100409 0.063453 0.153079 0.101976 0.115130 0.148140 0.139250 0.130852 0.195338 ;
0.128949 0.117598 0.192881 0.115695 0.144873 0.134859 0.168970 0.124459 0.124468 0.225325 0.957259 0.100355 0.063442 0.153067 0.101843 0.114798 0.148114 0.139273 0.130820 0.195211 ;
0.128998 0.117630 0.192645 0.115794 0.144865 0.134862 0.168939 0.124371 0.124475 0.225189 0.957225 0.100388 0.063447 0.152995 0.101968 0.115068 0.148065 0.139266 0.130695 0.195251 ;
0.128771 0.117319 0.193032 0.115995 0.145004 0.134830 0.168912 0.124407 0.124405 0.224805 0.957127 0.100383 0.063475 0.153340 0.101779 0.115025 0.148210 0.139215 0.131196 0.195312 ;
0.128737 0.117254 0.193082 0.116101 0.145026 0.134824 0.168882 0.124404 0.124399 0.224659 0.957040 0.100392 0.063489 0.153395 0.101762 0.115095 0.148212 0.139188 0.131255 0.195303 ;
0.128754 0.117292 0.193067 0.116009 0.145017 0.134827 0.168910 0.124412 0.124399 0.224774 0.957120 0.100381 0.063477 0.153374 0.101761 0.115017 0.148224 0.139213 0.131241 0.195318 ;
0.128612 0.117100 0.193424 0.115916 0.145143 0.134816 0.168954 0.124504 0.124334 0.224756 0.957221 0.100327 0.063472 0.153708 0.101562 0.114683 0.148409 0.139256 0.131691 0.195407 ;
0.128714 0.117236 0.193165 0.116017 0.145049 0.134823 0.168917 0.124429 0.124384 0.224734 0.957128 0.100371 0.063479 0.153459 0.101711 0.114961 0.148264 0.139215 0.131354 0.195336 ;
0.128768 0.117291 0.192958 0.116101 0.145005 0.134825 0.168865 0.124377 0.124405 0.224668 0.957034 0.100410 0.063488 0.153320 0.101824 0.115174 0.148184 0.139186 0.131162 0.195308 ;
0.128840 0.117413 0.192771 0.115820 0.144960 0.134833 0.168894 0.124391 0.124394 0.225033 0.957217 0.100412 0.063454 0.153162 0.101893 0.115009 0.148203 0.139236 0.131019 0.195353 ;
0.128762 0.117293 0.193022 0.116066 0.145008 0.134827 0.168886 0.124396 0.124405 0.224715 0.957064 0.100395 0.063484 0.153345 0.101789 0.115099 0.148197 0.139195 0.131195 0.195302 ;
0.128755 0.117288 0.193051 0.116050 0.145014 0.134827 0.168895 0.124404 0.124402 0.224731 0.957082 0.100389 0.063482 0.153363 0.101774 0.115066 0.148209 0.139201 0.131220 0.195308 ;
];
X_settling = [];
X_settling_pattern = [];
