X = [0.134441 0.118361 0.160033 0.131343 0.125089 0.127262 0.153938 0.124357 0.115727 0.150626 0.126055 0.102514 0.132396 0.123994 0.129729 0.117990 0.131208 0.118682 0.095694 0.138855 ;
0.134497 0.118276 0.160622 0.131512 0.125070 0.127280 0.154324 0.124291 0.115726 0.150559 0.126103 0.102431 0.132414 0.124019 0.129701 0.117917 0.131272 0.118658 0.095720 0.138877 ;
0.134552 0.118306 0.160574 0.131383 0.125061 0.127327 0.154476 0.124162 0.115710 0.150726 0.126162 0.102417 0.132422 0.124031 0.129576 0.117889 0.131270 0.118648 0.095650 0.138867 ;
0.134495 0.118340 0.160275 0.131340 0.125076 0.127295 0.154200 0.124255 0.115720 0.150699 0.126122 0.102482 0.132412 0.124012 0.129630 0.117932 0.131232 0.118664 0.095675 0.138859 ;
0.134494 0.118331 0.160304 0.131356 0.125081 0.127294 0.154205 0.124261 0.115720 0.150688 0.126113 0.102484 0.132422 0.124010 0.129636 0.117936 0.131242 0.118657 0.095684 0.138867 ;
0.134556 0.118292 0.160647 0.131396 0.125063 0.127331 0.154535 0.124151 0.115709 0.150726 0.126157 0.102405 0.132432 0.124032 0.129570 0.117889 0.131284 0.118639 0.095650 0.138875 ;
0.134496 0.118268 0.160661 0.131527 0.125069 0.127279 0.154344 0.124293 0.115727 0.150549 0.126103 0.102425 0.132416 0.124019 0.129704 0.117913 0.131275 0.118656 0.095724 0.138879 ;
0.134429 0.118360 0.160012 0.131345 0.125092 0.127255 0.153910 0.124377 0.115729 0.150616 0.126045 0.102518 0.132395 0.123992 0.129742 0.117996 0.131204 0.118683 0.095698 0.138856 ;
0.134420 0.118319 0.160247 0.131431 0.125085 0.127247 0.154023 0.124397 0.115733 0.150561 0.126043 0.102486 0.132393 0.123996 0.129751 0.117977 0.131221 0.118671 0.095718 0.138868 ;
0.134480 0.118299 0.160445 0.131450 0.125079 0.127277 0.154215 0.124312 0.115725 0.150601 0.126092 0.102466 0.132416 0.124012 0.129693 0.117938 0.131256 0.118656 0.095717 0.138876 ;
0.134494 0.118292 0.160515 0.131465 0.125074 0.127284 0.154272 0.124291 0.115724 0.150600 0.126104 0.102454 0.132420 0.124016 0.129685 0.117927 0.131265 0.118654 0.095715 0.138876 ;
0.134479 0.118305 0.160419 0.131450 0.125077 0.127276 0.154191 0.124314 0.115726 0.150595 0.126090 0.102467 0.132413 0.124010 0.129701 0.117941 0.131251 0.118660 0.095715 0.138871 ;
0.134475 0.118360 0.160072 0.131254 0.125106 0.127290 0.154070 0.124266 0.115712 0.150784 0.126121 0.102557 0.132443 0.124002 0.129579 0.117954 0.131241 0.118651 0.095693 0.138872 ;
0.134485 0.118352 0.160120 0.131254 0.125107 0.127296 0.154120 0.124249 0.115709 0.150798 0.126131 0.102553 0.132452 0.124006 0.129562 0.117946 0.131251 0.118645 0.095692 0.138876 ;
0.134471 0.118355 0.160056 0.131233 0.125116 0.127290 0.154072 0.124271 0.115709 0.150810 0.126122 0.102572 0.132453 0.124002 0.129562 0.117954 0.131244 0.118643 0.095700 0.138881 ;
0.134423 0.118365 0.159944 0.131243 0.125116 0.127263 0.153937 0.124344 0.115718 0.150751 0.126078 0.102572 0.132430 0.123991 0.129623 0.117984 0.131217 0.118658 0.095700 0.138873 ;
];
X_settling = [];
X_settling_pattern = [];
