X = [0.955355 0.138023 0.143188 0.145427 0.093070 0.594527 0.111902 0.091288 0.339291 0.314652 0.038271 0.054387 0.442452 0.094634 0.296532 0.239045 0.131723 0.152190 0.015616 0.087032 ;
0.955491 0.138589 0.143836 0.146361 0.092570 0.588693 0.112185 0.091815 0.340565 0.312817 0.038377 0.054200 0.436170 0.094637 0.296992 0.239681 0.131100 0.152232 0.015645 0.086474 ;
0.955345 0.137990 0.143125 0.145348 0.093099 0.594937 0.111867 0.091251 0.339222 0.314806 0.038264 0.054400 0.442893 0.094629 0.296534 0.239012 0.131759 0.152185 0.015613 0.087066 ;
0.955358 0.138094 0.143177 0.145448 0.093001 0.594322 0.111865 0.091308 0.339482 0.314645 0.038276 0.054365 0.442205 0.094623 0.296737 0.239139 0.131634 0.152197 0.015611 0.086966 ;
0.955639 0.140373 0.144209 0.147570 0.090918 0.580777 0.111747 0.092559 0.345154 0.311287 0.038545 0.053630 0.427220 0.094451 0.301276 0.241930 0.128952 0.152417 0.015578 0.084839 ;
0.955634 0.140330 0.144191 0.147531 0.090956 0.581034 0.111750 0.092535 0.345048 0.311349 0.038540 0.053643 0.427501 0.094455 0.301191 0.241878 0.129001 0.152413 0.015578 0.084878 ;
0.955639 0.140373 0.144209 0.147571 0.090917 0.580773 0.111747 0.092560 0.345156 0.311287 0.038545 0.053629 0.427216 0.094451 0.301278 0.241931 0.128951 0.152417 0.015578 0.084838 ;
0.955633 0.140327 0.144189 0.147527 0.090958 0.581053 0.111750 0.092534 0.345041 0.311354 0.038540 0.053644 0.427522 0.094455 0.301186 0.241874 0.129004 0.152413 0.015578 0.084881 ;
0.955360 0.138109 0.143186 0.145463 0.092988 0.594241 0.111865 0.091315 0.339519 0.314622 0.038277 0.054359 0.442114 0.094622 0.296766 0.239156 0.131616 0.152199 0.015611 0.086952 ;
0.955347 0.138011 0.143139 0.145371 0.093079 0.594814 0.111869 0.091263 0.339274 0.314769 0.038266 0.054393 0.442755 0.094629 0.296572 0.239037 0.131734 0.152188 0.015613 0.087046 ;
0.955356 0.138079 0.143171 0.145434 0.093016 0.594419 0.111866 0.091299 0.339443 0.314668 0.038274 0.054370 0.442313 0.094624 0.296706 0.239119 0.131653 0.152195 0.015612 0.086981 ;
0.955358 0.138097 0.143180 0.145451 0.092999 0.594313 0.111866 0.091309 0.339488 0.314640 0.038276 0.054363 0.442194 0.094623 0.296741 0.239141 0.131631 0.152197 0.015611 0.086964 ;
0.953919 0.126213 0.135534 0.133559 0.105125 0.653422 0.111065 0.085980 0.309861 0.334466 0.037234 0.059723 0.512105 0.094845 0.274805 0.225165 0.147289 0.150021 0.015868 0.099572 ;
0.953354 0.120556 0.130733 0.127519 0.111755 0.674746 0.109890 0.084124 0.295713 0.345413 0.036915 0.063360 0.539536 0.094509 0.265221 0.218759 0.155901 0.148293 0.016041 0.106600 ;
0.953819 0.125279 0.134783 0.132573 0.106178 0.657200 0.110902 0.085648 0.307530 0.336200 0.037175 0.060271 0.516868 0.094809 0.273190 0.224100 0.148654 0.149766 0.015895 0.100682 ;
0.952700 0.112343 0.122951 0.118630 0.122575 0.700314 0.107534 0.081988 0.275037 0.363277 0.036571 0.070136 0.574343 0.093548 0.252032 0.209553 0.169995 0.145031 0.016353 0.118275 ;
];
X_settling = [];
X_settling_pattern = [];
