X = [0.522737 0.619382 0.235748 0.584354 0.754875 0.162488 0.792000 0.574817 0.411576 0.737386 0.466641 0.431328 0.638880 0.671748 0.465004 0.613846 0.489577 0.034716 0.434960 0.586478 ;
0.562120 0.105766 0.130774 0.587606 0.668642 0.159025 0.719428 0.657200 0.437190 0.679770 0.136111 0.433637 0.630649 0.449924 0.308773 0.560211 0.430262 0.338041 0.455550 0.467595 ;
0.563937 0.983036 0.134978 0.549185 0.681529 0.122717 0.387637 0.757455 0.611904 0.911746 0.768456 0.479709 0.667454 0.442333 0.435595 0.595261 0.566816 0.317789 0.451293 0.516610 ;
0.498010 0.777464 0.301481 0.563090 0.702826 0.130247 0.138302 0.479952 0.352283 0.679770 0.422395 0.186474 0.612741 0.971454 0.540810 0.750931 0.459776 0.365807 0.464528 0.496681 ;
0.526746 0.833320 0.469179 0.542944 0.742534 0.496919 0.185434 0.623141 0.169326 0.711623 0.449967 0.067802 0.657025 0.971664 0.510591 0.756623 0.190310 0.532430 0.442636 0.495711 ;
0.550680 0.972534 0.292154 0.559727 0.725681 0.405310 0.553176 0.770305 0.397189 0.916160 0.861297 0.179654 0.667315 0.620601 0.487047 0.559209 0.192182 0.348385 0.434783 0.446693 ;
0.539442 0.087123 0.273950 0.536610 0.763042 0.512691 0.786985 0.565550 0.290566 0.675571 0.145722 0.202044 0.625169 0.518925 0.449788 0.572473 0.226645 0.445206 0.476254 0.505415 ;
0.529036 0.367563 0.404215 0.561194 0.794855 0.273426 0.867382 0.533462 0.221773 0.723307 0.447252 0.207384 0.646314 0.463413 0.595860 0.554438 0.181466 0.063258 0.446886 0.556292 ;
0.679812 0.479699 0.718345 0.382354 0.638569 0.620038 0.498734 0.418761 0.301260 0.866398 0.335206 0.907240 0.763518 0.460805 0.358466 0.270320 0.730245 0.490311 0.746188 0.250140 ;
0.553521 0.479259 0.726422 0.325720 0.674327 0.800875 0.433308 0.393851 0.241803 0.852280 0.444308 0.872434 0.805621 0.948321 0.032905 0.275745 0.749474 0.038747 0.770719 0.285323 ;
0.521632 0.451064 0.703240 0.390486 0.693381 0.633259 0.588894 0.467794 0.145001 0.850920 0.289504 0.899111 0.761980 0.522450 0.381449 0.293393 0.610849 0.545870 0.768951 0.295384 ;
0.526546 0.473324 0.643045 0.325720 0.634931 0.069453 0.549318 0.394870 0.223117 0.859085 0.187692 0.900580 0.770477 0.454459 0.319393 0.263340 0.735119 0.444188 0.766067 0.295083 ;
0.522694 0.451135 0.397204 0.355666 0.813372 0.013761 0.867470 0.052690 0.421182 0.735223 0.550956 0.798758 0.121407 0.669468 0.369925 0.714872 0.268624 0.403752 0.731914 0.691884 ;
0.562579 0.369378 0.471117 0.347304 0.844599 0.504597 0.870685 0.041537 0.301958 0.659205 0.475993 0.853020 0.115624 0.575318 0.444358 0.704280 0.202667 0.409218 0.737302 0.694761 ;
0.535165 0.413020 0.442770 0.318524 0.810773 0.700310 0.822649 0.063287 0.428716 0.682473 0.639349 0.770775 0.173808 0.959212 0.041604 0.700134 0.335724 0.038444 0.685010 0.655631 ;
0.693836 0.609399 0.486809 0.294187 0.829884 0.498502 0.871439 0.049318 0.451613 0.758817 0.586540 0.789408 0.164172 0.618333 0.459675 0.694086 0.272628 0.437619 0.729343 0.697878 ;
];
X_settling = [];
X_settling_pattern = [];
