X = [0.040853 0.084833 0.094547 0.730627 0.907542 0.066146 0.042370 0.063127 0.077750 0.129169 0.108775 0.078387 0.196116 0.035394 0.300019 0.064157 0.123232 0.121108 0.984818 0.293994 ;
0.040853 0.084833 0.094546 0.730604 0.907542 0.066146 0.042370 0.063127 0.077750 0.129169 0.108776 0.078388 0.196116 0.035394 0.300012 0.064157 0.123232 0.121108 0.984818 0.293994 ;
0.040853 0.084833 0.094542 0.730476 0.907542 0.066146 0.042370 0.063127 0.077751 0.129169 0.108777 0.078395 0.196116 0.035397 0.299970 0.064157 0.123232 0.121108 0.984818 0.293994 ;
0.040853 0.084833 0.094547 0.730624 0.907541 0.066146 0.042370 0.063127 0.077750 0.129169 0.108775 0.078387 0.196116 0.035394 0.300019 0.064157 0.123232 0.121108 0.984818 0.293994 ;
0.040849 0.084828 0.094247 0.721313 0.907533 0.066176 0.042383 0.063128 0.077824 0.129161 0.108890 0.078871 0.196100 0.035585 0.297034 0.064165 0.123253 0.121115 0.984838 0.294013 ;
0.040849 0.084829 0.094271 0.722078 0.907534 0.066174 0.042382 0.063128 0.077818 0.129162 0.108881 0.078832 0.196101 0.035569 0.297276 0.064164 0.123252 0.121114 0.984837 0.294011 ;
0.040849 0.084829 0.094262 0.721784 0.907533 0.066175 0.042382 0.063128 0.077820 0.129162 0.108885 0.078847 0.196100 0.035575 0.297183 0.064165 0.123252 0.121114 0.984837 0.294012 ;
0.040849 0.084829 0.094261 0.721762 0.907533 0.066175 0.042382 0.063128 0.077821 0.129162 0.108885 0.078848 0.196100 0.035576 0.297176 0.064165 0.123252 0.121114 0.984837 0.294012 ;
0.040849 0.084828 0.094250 0.721413 0.907533 0.066176 0.042383 0.063128 0.077823 0.129161 0.108889 0.078866 0.196100 0.035583 0.297065 0.064165 0.123253 0.121114 0.984838 0.294012 ;
0.040816 0.082864 0.093498 0.721056 0.902852 0.060543 0.042009 0.054848 0.836737 0.017370 0.113541 0.074703 0.292330 0.033811 0.339413 0.061337 0.124774 0.147771 0.979771 0.290600 ;
0.040816 0.082864 0.093501 0.721155 0.902855 0.060543 0.042009 0.054848 0.836710 0.017372 0.113540 0.074699 0.292325 0.033810 0.339440 0.061337 0.124774 0.147769 0.979771 0.290602 ;
0.040849 0.084829 0.094254 0.721542 0.907533 0.066175 0.042383 0.063128 0.077822 0.129161 0.108888 0.078860 0.196100 0.035580 0.297106 0.064165 0.123253 0.121114 0.984838 0.294012 ;
0.040849 0.084829 0.094271 0.722077 0.907534 0.066174 0.042382 0.063128 0.077818 0.129162 0.108881 0.078832 0.196101 0.035569 0.297275 0.064164 0.123252 0.121114 0.984837 0.294011 ;
0.040816 0.082864 0.093497 0.721011 0.902854 0.060543 0.042009 0.054848 0.836742 0.017370 0.113542 0.074705 0.292331 0.033812 0.339395 0.061337 0.124774 0.147771 0.979771 0.290602 ;
0.040835 0.082862 0.093751 0.729045 0.902528 0.060537 0.042000 0.054874 0.835067 0.017463 0.113374 0.074268 0.292115 0.033662 0.342315 0.061347 0.124756 0.147691 0.979712 0.290332 ;
0.040849 0.084829 0.094255 0.721568 0.907533 0.066175 0.042382 0.063128 0.077822 0.129161 0.108887 0.078858 0.196100 0.035580 0.297114 0.064165 0.123253 0.121114 0.984838 0.294012 ;
];
X_settling = [];
X_settling_pattern = [];
