X = [0.112366 0.112688 0.123181 0.123998 0.123035 0.120213 0.119203 0.128455 0.119203 0.119203 0.145025 0.112859 0.113060 0.122461 0.110473 0.108490 0.128000 0.119203 0.125387 0.129026 ;
0.112367 0.112688 0.123181 0.123998 0.123034 0.120213 0.119203 0.128454 0.119203 0.119203 0.145022 0.112859 0.113056 0.122461 0.110472 0.108490 0.127999 0.119203 0.125385 0.129026 ;
0.112367 0.112688 0.123181 0.123998 0.123034 0.120213 0.119203 0.128454 0.119203 0.119203 0.145010 0.112859 0.113060 0.122461 0.110473 0.108490 0.127999 0.119203 0.125389 0.129026 ;
0.112366 0.112688 0.123181 0.123998 0.123034 0.120213 0.119203 0.128454 0.119203 0.119203 0.145025 0.112859 0.113060 0.122461 0.110473 0.108490 0.127999 0.119203 0.125385 0.129026 ;
0.112365 0.112688 0.123181 0.123997 0.123039 0.120213 0.119203 0.128454 0.119203 0.119203 0.145025 0.112859 0.113056 0.122461 0.110469 0.108497 0.127996 0.119203 0.125402 0.129026 ;
0.112367 0.112688 0.123181 0.123998 0.123034 0.120213 0.119203 0.128454 0.119203 0.119203 0.145010 0.112859 0.113060 0.122461 0.110473 0.108489 0.127999 0.119203 0.125408 0.129026 ;
0.112366 0.112688 0.123180 0.123997 0.123039 0.120213 0.119203 0.128454 0.119203 0.119203 0.145022 0.112859 0.113053 0.122461 0.110469 0.108497 0.127996 0.119203 0.125402 0.129026 ;
0.112367 0.112688 0.123181 0.123998 0.123034 0.120213 0.119203 0.128455 0.119203 0.119203 0.145025 0.112859 0.113060 0.122461 0.110473 0.108490 0.127999 0.119203 0.125405 0.129026 ;
0.112365 0.112688 0.123185 0.123997 0.123038 0.120213 0.119203 0.128455 0.119203 0.119203 0.145025 0.112859 0.113058 0.122461 0.110471 0.108497 0.127997 0.119203 0.125402 0.129027 ;
0.112372 0.112688 0.123185 0.123997 0.123038 0.120213 0.119203 0.128455 0.119203 0.119203 0.145024 0.112859 0.113055 0.122461 0.110471 0.108457 0.127997 0.119203 0.125397 0.129027 ;
0.112366 0.112688 0.123181 0.123998 0.123034 0.120213 0.119203 0.128454 0.119203 0.119203 0.145025 0.112859 0.113060 0.122461 0.110472 0.108490 0.127999 0.119203 0.125402 0.129026 ;
0.112365 0.112688 0.123185 0.123997 0.123038 0.120213 0.119203 0.128455 0.119203 0.119203 0.145025 0.112859 0.113055 0.122461 0.110471 0.108497 0.127997 0.119203 0.125402 0.129027 ;
0.112366 0.112688 0.123181 0.123998 0.123034 0.120213 0.119203 0.128454 0.119203 0.119203 0.145025 0.112859 0.113061 0.122461 0.110473 0.108491 0.127999 0.119203 0.125403 0.129026 ;
0.112366 0.112688 0.123181 0.123998 0.123034 0.120213 0.119203 0.128454 0.119203 0.119203 0.145025 0.112859 0.113061 0.122461 0.110473 0.108492 0.127999 0.119203 0.125403 0.129026 ;
0.112366 0.112688 0.123181 0.123998 0.123034 0.120213 0.119203 0.128454 0.119203 0.119203 0.145025 0.112859 0.113060 0.122461 0.110473 0.108492 0.127999 0.119203 0.125403 0.129026 ;
0.112366 0.112688 0.123181 0.123998 0.123034 0.120213 0.119203 0.128454 0.119203 0.119203 0.145025 0.112859 0.113061 0.122461 0.110473 0.108492 0.127999 0.119203 0.125403 0.129026 ;
];
X_settling = [];
X_settling_pattern = [];
