X = [0.435315 0.129027 0.200121 0.156269 0.136994 0.126013 0.201169 0.102393 0.120159 0.180948 0.113445 0.111136 0.105761 0.110945 0.129757 0.123961 0.153413 0.145152 0.100609 0.171375 ;
0.435477 0.129027 0.200127 0.156271 0.136994 0.126006 0.201173 0.102388 0.120158 0.180945 0.113440 0.111120 0.105751 0.110945 0.129756 0.123964 0.153413 0.145151 0.100592 0.171375 ;
0.435596 0.129027 0.200128 0.156270 0.136995 0.126001 0.201172 0.102384 0.120158 0.180945 0.113437 0.111109 0.105743 0.110945 0.129756 0.123967 0.153413 0.145150 0.100580 0.171375 ;
0.435409 0.129027 0.200123 0.156269 0.136994 0.126009 0.201170 0.102390 0.120159 0.180947 0.113442 0.111127 0.105755 0.110945 0.129757 0.123963 0.153413 0.145151 0.100599 0.171375 ;
0.435445 0.129027 0.200123 0.156269 0.136994 0.126007 0.201169 0.102389 0.120159 0.180947 0.113441 0.111124 0.105753 0.110945 0.129757 0.123964 0.153413 0.145151 0.100596 0.171375 ;
0.435147 0.129028 0.200114 0.156267 0.136993 0.126020 0.201165 0.102399 0.120159 0.180951 0.113450 0.111152 0.105772 0.110945 0.129759 0.123957 0.153413 0.145152 0.100627 0.171376 ;
0.458322 0.128970 0.200691 0.156350 0.137117 0.125047 0.201364 0.101640 0.120141 0.180728 0.112786 0.108988 0.104257 0.110929 0.129649 0.124492 0.153418 0.144983 0.098279 0.171356 ;
0.459083 0.128969 0.200710 0.156352 0.137121 0.125015 0.201369 0.101615 0.120140 0.180721 0.112764 0.108919 0.104207 0.110928 0.129645 0.124510 0.153418 0.144978 0.098204 0.171356 ;
0.434956 0.129028 0.200122 0.156274 0.136991 0.126028 0.201176 0.102405 0.120158 0.180946 0.113456 0.111168 0.105785 0.110946 0.129756 0.123952 0.153414 0.145156 0.100647 0.171375 ;
0.458444 0.128970 0.200694 0.156350 0.137118 0.125042 0.201365 0.101636 0.120141 0.180727 0.112782 0.108977 0.104249 0.110929 0.129648 0.124495 0.153418 0.144982 0.098267 0.171356 ;
0.458739 0.128969 0.200701 0.156351 0.137119 0.125030 0.201367 0.101626 0.120141 0.180724 0.112774 0.108950 0.104230 0.110929 0.129647 0.124502 0.153418 0.144980 0.098238 0.171356 ;
0.458486 0.128970 0.200695 0.156350 0.137118 0.125040 0.201365 0.101634 0.120141 0.180726 0.112781 0.108973 0.104246 0.110929 0.129648 0.124496 0.153418 0.144982 0.098263 0.171356 ;
0.459170 0.128968 0.200712 0.156353 0.137121 0.125012 0.201370 0.101612 0.120140 0.180720 0.112762 0.108911 0.104202 0.110928 0.129645 0.124512 0.153418 0.144977 0.098196 0.171356 ;
0.434634 0.129041 0.199921 0.156157 0.136993 0.126046 0.201000 0.102418 0.120168 0.181043 0.113462 0.111234 0.105801 0.110938 0.129802 0.123956 0.153393 0.145126 0.100677 0.171388 ;
0.458663 0.128970 0.200699 0.156351 0.137119 0.125033 0.201366 0.101629 0.120141 0.180725 0.112776 0.108957 0.104235 0.110929 0.129647 0.124500 0.153418 0.144981 0.098246 0.171356 ;
0.435648 0.129026 0.200129 0.156270 0.136995 0.125999 0.201172 0.102382 0.120158 0.180944 0.113435 0.111104 0.105739 0.110945 0.129755 0.123968 0.153413 0.145149 0.100574 0.171375 ;
];
X_settling = [];
X_settling_pattern = [];
