X = [0.135353 0.116613 0.155893 0.131094 0.115065 0.117854 0.102234 0.110084 0.123718 0.117395 0.117572 0.103080 0.146022 0.119203 0.112029 0.109098 0.131678 0.121430 0.112156 0.119203 ;
0.135352 0.116614 0.155918 0.131094 0.115065 0.117854 0.102234 0.110083 0.123718 0.117395 0.117572 0.103085 0.146022 0.119203 0.112029 0.109099 0.131654 0.121430 0.112156 0.119203 ;
0.135353 0.116613 0.156010 0.131095 0.115055 0.117854 0.102247 0.110083 0.123718 0.117395 0.117584 0.103080 0.146022 0.119203 0.112029 0.109083 0.131678 0.121435 0.112155 0.119203 ;
0.135353 0.116613 0.155893 0.131094 0.115061 0.117854 0.102234 0.110084 0.123718 0.117395 0.117577 0.103080 0.145968 0.119203 0.112029 0.109098 0.131678 0.121430 0.112156 0.119203 ;
0.135353 0.116613 0.155884 0.131094 0.115061 0.117854 0.102234 0.110084 0.123718 0.117395 0.117577 0.103079 0.145971 0.119203 0.112029 0.109098 0.131690 0.121430 0.112156 0.119203 ;
0.135353 0.116613 0.156001 0.131095 0.115055 0.117854 0.102247 0.110083 0.123718 0.117395 0.117584 0.103079 0.146024 0.119203 0.112029 0.109082 0.131689 0.121435 0.112155 0.119203 ;
0.135352 0.116614 0.155908 0.131094 0.115065 0.117854 0.102234 0.110083 0.123718 0.117395 0.117572 0.103084 0.146025 0.119203 0.112029 0.109098 0.131667 0.121430 0.112156 0.119203 ;
0.135353 0.116613 0.155883 0.131094 0.115065 0.117854 0.102234 0.110084 0.123718 0.117395 0.117572 0.103079 0.146025 0.119203 0.112029 0.109098 0.131690 0.121430 0.112156 0.119203 ;
0.135345 0.116613 0.155882 0.131094 0.115065 0.117854 0.102219 0.110084 0.123706 0.117395 0.117572 0.103080 0.146217 0.119203 0.112029 0.109098 0.131690 0.121430 0.112157 0.119203 ;
0.135345 0.116613 0.155882 0.131094 0.115065 0.117854 0.102219 0.110084 0.123706 0.117395 0.117572 0.103082 0.146217 0.119203 0.112029 0.109098 0.131690 0.121430 0.112157 0.119203 ;
0.135345 0.116613 0.155882 0.131094 0.115065 0.117854 0.102219 0.110084 0.123706 0.117395 0.117572 0.103080 0.146217 0.119203 0.112029 0.109098 0.131690 0.121430 0.112157 0.119203 ;
0.135345 0.116613 0.155882 0.131094 0.115065 0.117854 0.102219 0.110084 0.123706 0.117395 0.117572 0.103080 0.146217 0.119203 0.112029 0.109098 0.131690 0.121430 0.112157 0.119203 ;
0.135353 0.116612 0.155865 0.131094 0.115063 0.117854 0.102234 0.110084 0.123718 0.117395 0.117572 0.103077 0.146029 0.119203 0.112029 0.109097 0.131712 0.121430 0.112156 0.119203 ;
0.135353 0.116612 0.155865 0.131094 0.115063 0.117854 0.102234 0.110084 0.123718 0.117395 0.117572 0.103077 0.146029 0.119203 0.112029 0.109097 0.131712 0.121430 0.112156 0.119203 ;
0.135353 0.116612 0.155865 0.131094 0.115063 0.117854 0.102234 0.110084 0.123718 0.117395 0.117572 0.103079 0.146029 0.119203 0.112029 0.109097 0.131712 0.121430 0.112156 0.119203 ;
0.135353 0.116612 0.155865 0.131094 0.115063 0.117854 0.102234 0.110084 0.123718 0.117395 0.117572 0.103077 0.146029 0.119203 0.112029 0.109097 0.131712 0.121430 0.112156 0.119203 ;
];
X_settling = [];
X_settling_pattern = [];
