X = [0.055816 0.012054 0.164066 0.999431 0.005756 0.020345 0.005962 0.052341 0.038848 0.010608 0.006623 0.014039 0.998177 0.017847 0.991149 0.030874 0.038815 0.004870 0.999915 0.013051 ;
0.055774 0.012030 0.163904 0.999432 0.005752 0.020309 0.005956 0.052330 0.038831 0.010601 0.006618 0.014026 0.998174 0.017842 0.991169 0.030799 0.038738 0.004864 0.999915 0.013033 ;
0.055818 0.012056 0.164076 0.999431 0.005756 0.020348 0.005962 0.052340 0.038851 0.010608 0.006624 0.014039 0.998177 0.017848 0.991147 0.030885 0.038825 0.004871 0.999915 0.013055 ;
0.055843 0.012056 0.164082 0.999431 0.005753 0.020357 0.005964 0.052360 0.038850 0.010609 0.006622 0.014046 0.998175 0.017851 0.991148 0.030885 0.038832 0.004872 0.999915 0.013050 ;
0.014121 0.005664 0.129889 0.998923 0.995376 0.011954 0.004054 0.015422 0.037951 0.020971 0.008963 0.006535 0.987355 0.011535 0.947785 0.044020 0.007097 0.002907 0.999782 0.925945 ;
0.014124 0.005667 0.130025 0.998923 0.995369 0.011955 0.004053 0.015423 0.037956 0.020966 0.008956 0.006536 0.987398 0.011535 0.947794 0.044055 0.007104 0.002908 0.999782 0.925893 ;
0.016440 0.002791 0.024774 0.997867 0.997315 0.009285 0.010689 0.015278 0.038551 0.034352 0.036540 0.007095 0.046503 0.020288 0.865503 0.025834 0.002202 0.002286 0.999932 0.951795 ;
0.016440 0.002791 0.024768 0.997867 0.997315 0.009285 0.010688 0.015279 0.038550 0.034347 0.036526 0.007094 0.046524 0.020287 0.865539 0.025833 0.002202 0.002286 0.999932 0.951797 ;
0.827229 0.014428 0.869047 0.084308 0.037772 0.755316 0.974465 0.929191 0.900788 0.073247 0.008511 0.938012 0.013203 0.885087 0.909361 0.953134 0.916743 0.766837 0.004453 0.803831 ;
0.827374 0.014438 0.869097 0.084340 0.037673 0.755440 0.974475 0.929227 0.900817 0.073246 0.008509 0.938020 0.013213 0.885099 0.909371 0.953147 0.916797 0.766918 0.004452 0.803540 ;
0.827287 0.014437 0.869087 0.084250 0.037729 0.755397 0.974472 0.929210 0.900794 0.073257 0.008510 0.938063 0.013208 0.885106 0.909339 0.953157 0.916791 0.766900 0.004452 0.803752 ;
0.827001 0.014382 0.868777 0.084992 0.037886 0.754759 0.974403 0.929061 0.900799 0.073138 0.008513 0.937551 0.013206 0.884915 0.909580 0.952941 0.916378 0.766335 0.004458 0.803930 ;
0.055823 0.012061 0.164101 0.999431 0.005763 0.020357 0.005964 0.052341 0.038850 0.010611 0.006624 0.014042 0.998177 0.017849 0.991140 0.030901 0.038829 0.004872 0.999915 0.013068 ;
0.055854 0.012058 0.163999 0.999431 0.005755 0.020365 0.005967 0.052365 0.038852 0.010610 0.006625 0.014051 0.998173 0.017852 0.991143 0.030887 0.038830 0.004873 0.999915 0.013054 ;
0.055875 0.012067 0.163979 0.999430 0.005757 0.020381 0.005971 0.052373 0.038858 0.010613 0.006629 0.014057 0.998171 0.017854 0.991134 0.030907 0.038848 0.004875 0.999915 0.013060 ;
0.055821 0.012054 0.164074 0.999431 0.005757 0.020349 0.005962 0.052345 0.038847 0.010608 0.006623 0.014041 0.998176 0.017848 0.991148 0.030878 0.038818 0.004871 0.999915 0.013054 ;
];
X_settling = [];
X_settling_pattern = [];
