X = [0.586591 0.496644 0.266035 0.581239 0.672416 0.457284 0.416847 0.677875 0.810051 0.637756 0.468986 0.441049 0.531153 0.518200 0.555045 0.489383 0.579075 0.068446 0.217926 0.229806 ;
0.875939 0.119039 0.298385 0.584125 0.692774 0.509392 0.438498 0.721617 0.901543 0.733193 0.179476 0.272701 0.732829 0.433163 0.500848 0.018772 0.587890 0.810824 0.188161 0.165286 ;
0.527853 0.391870 0.482452 0.581244 0.647091 0.540642 0.423920 0.596061 0.857023 0.708948 0.501849 0.404895 0.149676 0.333080 0.518772 0.480107 0.482964 0.918706 0.240004 0.198674 ;
0.580986 0.805986 0.470104 0.584125 0.558229 0.488361 0.120715 0.599807 0.833903 0.650974 0.437228 0.436569 0.697694 0.796608 0.504142 0.589085 0.497102 0.422868 0.251783 0.177195 ;
0.527853 0.722180 0.501773 0.584125 0.594062 0.905434 0.230018 0.587908 0.379030 0.880410 0.509695 0.403488 0.515305 0.862534 0.469697 0.568107 0.519998 0.589774 0.159980 0.529943 ;
0.636007 0.414490 0.495171 0.579617 0.606022 0.903725 0.519217 0.581281 0.441615 0.885574 0.431116 0.473371 0.094746 0.615851 0.523221 0.462448 0.581950 0.967444 0.136631 0.505533 ;
0.875939 0.105637 0.334514 0.584125 0.711364 0.899887 0.576008 0.704428 0.509302 0.834335 0.192807 0.249430 0.576993 0.579638 0.513844 0.019765 0.495275 0.880755 0.211890 0.517929 ;
0.636628 0.417269 0.291481 0.570583 0.648932 0.891550 0.601884 0.664740 0.483116 0.831110 0.426979 0.399634 0.535529 0.463314 0.548593 0.400982 0.606121 0.120758 0.165765 0.502785 ;
0.527853 0.415210 0.852266 0.584125 0.109754 0.504115 0.358139 0.415474 0.349267 0.824114 0.476267 0.480367 0.652485 0.455940 0.404665 0.592806 0.744224 0.500325 0.428494 0.508681 ;
0.527853 0.539146 0.865993 0.584125 0.089607 0.583271 0.267879 0.426690 0.366317 0.858011 0.692196 0.624028 0.563700 0.926298 0.384358 0.574930 0.742832 0.028902 0.438449 0.494374 ;
0.567861 0.234669 0.857722 0.584125 0.110106 0.617886 0.391137 0.459053 0.325767 0.858590 0.438842 0.569269 0.464485 0.584772 0.379274 0.552663 0.715544 0.600571 0.366188 0.514505 ;
0.527853 0.378618 0.869904 0.530158 0.091052 0.495425 0.366179 0.403162 0.439665 0.856211 0.480917 0.408258 0.409938 0.461588 0.334158 0.486295 0.718641 0.452658 0.442636 0.520589 ;
0.627216 0.553814 0.620130 0.514708 0.690586 0.497908 0.710354 0.306119 0.380869 0.342207 0.532560 0.453043 0.099903 0.457647 0.424583 0.453719 0.040456 0.742927 0.442636 0.831048 ;
0.547792 0.294073 0.728458 0.584125 0.672318 0.588444 0.751524 0.325062 0.208473 0.398469 0.586494 0.535434 0.134025 0.453116 0.516862 0.549314 0.038512 0.557926 0.367565 0.871408 ;
0.527853 0.484601 0.706063 0.584125 0.667773 0.524897 0.686097 0.349783 0.246911 0.338120 0.769062 0.600340 0.160793 0.918965 0.500955 0.528672 0.066190 0.053635 0.442636 0.864406 ;
0.578531 0.574643 0.689347 0.584125 0.679334 0.568862 0.665348 0.333448 0.209267 0.404889 0.556008 0.440431 0.071466 0.396652 0.512463 0.539894 0.046650 0.772372 0.369924 0.863085 ;
];
X_settling = [];
X_settling_pattern = [];
