X = [0.025206 0.896181 0.153196 0.178405 0.052401 0.136341 0.239638 0.080166 0.148661 0.125234 0.444115 0.159035 0.150668 0.252342 0.092979 0.139330 0.884364 0.162115 0.160917 0.174311 ;
0.025209 0.896143 0.153193 0.178308 0.052410 0.136362 0.239525 0.080148 0.148677 0.125253 0.444016 0.159043 0.150676 0.252305 0.092996 0.139325 0.884319 0.162103 0.160866 0.174282 ;
0.025261 0.896004 0.153265 0.178929 0.052554 0.135133 0.239143 0.080201 0.147678 0.124167 0.446388 0.159173 0.150124 0.251390 0.092278 0.139333 0.884871 0.162237 0.160279 0.174895 ;
0.016637 0.637332 0.437428 0.101190 0.066170 0.770562 0.433546 0.671905 0.772367 0.748857 0.108185 0.109543 0.793442 0.922501 0.461540 0.084648 0.055743 0.072420 0.847200 0.095952 ;
0.015955 0.664533 0.437564 0.100428 0.063743 0.777261 0.437212 0.658292 0.777517 0.755492 0.106388 0.110163 0.788633 0.920596 0.467612 0.084604 0.056995 0.071645 0.843240 0.095573 ;
0.025275 0.895956 0.153143 0.179131 0.052668 0.134827 0.238856 0.080054 0.147347 0.123946 0.446870 0.159876 0.149496 0.249962 0.092139 0.139398 0.884878 0.162281 0.159338 0.174900 ;
0.025205 0.896104 0.153177 0.178162 0.052407 0.136540 0.239465 0.080136 0.148818 0.125414 0.443619 0.159047 0.150754 0.252377 0.093105 0.139324 0.884185 0.162084 0.160892 0.174178 ;
0.025211 0.896144 0.153209 0.178321 0.052409 0.136310 0.239524 0.080157 0.148641 0.125203 0.444126 0.159001 0.150689 0.252355 0.092963 0.139317 0.884359 0.162102 0.160896 0.174318 ;
0.015722 0.674557 0.437432 0.100294 0.062738 0.779612 0.439345 0.653752 0.779313 0.757804 0.105835 0.110339 0.786504 0.919822 0.469668 0.084660 0.057487 0.071407 0.841951 0.095448 ;
0.015948 0.664853 0.437569 0.100415 0.063715 0.777349 0.437244 0.658093 0.777584 0.755580 0.106364 0.110176 0.788578 0.920571 0.467695 0.084602 0.057014 0.071634 0.843181 0.095567 ;
0.031409 0.886278 0.422771 0.065201 0.031539 0.696375 0.441339 0.146319 0.703375 0.651548 0.159349 0.109429 0.760395 0.918872 0.378036 0.061675 0.810571 0.053239 0.778592 0.100346 ;
0.015732 0.675901 0.438109 0.099696 0.062862 0.780804 0.437311 0.648702 0.780284 0.759113 0.105257 0.110925 0.787001 0.919655 0.471169 0.084398 0.057859 0.071073 0.840498 0.095281 ;
0.035116 0.303171 0.420192 0.111367 0.110545 0.607581 0.304732 0.647287 0.650133 0.601806 0.138537 0.102078 0.843396 0.938129 0.357602 0.078864 0.087733 0.076831 0.857223 0.118954 ;
0.025202 0.896145 0.152824 0.178699 0.052575 0.136357 0.239266 0.079870 0.148470 0.125357 0.443856 0.160468 0.149519 0.249645 0.093073 0.139552 0.884022 0.162265 0.159208 0.174002 ;
0.057061 0.247398 0.295910 0.130019 0.144353 0.358507 0.192405 0.390453 0.404790 0.368766 0.178621 0.112397 0.648231 0.790990 0.237572 0.098837 0.178583 0.103851 0.640306 0.148214 ;
0.035775 0.300214 0.417930 0.111817 0.111408 0.599807 0.300586 0.639476 0.643909 0.594929 0.139659 0.101272 0.842600 0.937702 0.353626 0.078733 0.090910 0.076956 0.855843 0.120464 ;
];
X_settling = [];
X_settling_pattern = [];
