X = [0.196995 0.021965 0.064603 0.922066 0.925764 0.066411 0.641976 0.960821 0.969737 0.754766 0.855263 0.211294 0.856095 0.037766 0.944437 0.964850 0.813052 0.008543 0.179909 0.392820 ;
0.974365 0.014209 0.034318 0.977474 0.858784 0.085093 0.536614 0.969256 0.980744 0.771527 0.029823 0.122640 0.927495 0.294576 0.956724 0.030344 0.768383 0.808098 0.056240 0.149085 ;
0.389437 0.803363 0.077585 0.953846 0.826711 0.036960 0.276859 0.980579 0.993131 0.940790 0.786079 0.131527 0.193101 0.286233 0.986937 0.932282 0.789915 0.928606 0.138702 0.195171 ;
0.540237 0.884123 0.202753 0.944705 0.805672 0.042104 0.011792 0.956497 0.959017 0.840562 0.021487 0.111992 0.919796 0.940586 0.970008 0.850147 0.746670 0.129257 0.098237 0.115749 ;
0.524172 0.952915 0.486506 0.972785 0.749526 0.986908 0.107343 0.747472 0.085154 0.980807 0.010764 0.015837 0.921344 0.991000 0.304872 0.787247 0.034257 0.150460 0.014112 0.372952 ;
0.480375 0.828769 0.278492 0.979751 0.760840 0.983318 0.477194 0.905883 0.471433 0.994607 0.756158 0.033172 0.188556 0.844368 0.456774 0.925138 0.051370 0.983946 0.019264 0.453405 ;
0.966848 0.022633 0.219187 0.966992 0.842250 0.987476 0.757929 0.722979 0.137880 0.940185 0.025531 0.054962 0.855071 0.738617 0.250536 0.027691 0.029196 0.904865 0.016045 0.561536 ;
0.290124 0.009654 0.274819 0.947487 0.869850 0.986281 0.918823 0.679330 0.103973 0.954364 0.893187 0.089392 0.900694 0.121061 0.221128 0.909653 0.031519 0.033392 0.043977 0.649515 ;
0.842479 0.929249 0.939839 0.040757 0.020253 0.687304 0.185127 0.080023 0.204915 0.927616 0.014860 0.966966 0.973671 0.246874 0.952423 0.288739 0.882465 0.591445 0.971067 0.036011 ;
0.970657 0.468044 0.976345 0.035194 0.020418 0.838310 0.134802 0.121623 0.163897 0.955221 0.049988 0.977993 0.969398 0.957213 0.036708 0.264390 0.869410 0.022544 0.969089 0.046979 ;
0.661612 0.170669 0.949469 0.063288 0.018832 0.986947 0.214327 0.139363 0.122051 0.952390 0.029248 0.940887 0.963439 0.697441 0.206922 0.650439 0.712854 0.961256 0.942392 0.054285 ;
0.919940 0.039212 0.967758 0.036741 0.020638 0.615379 0.197794 0.148349 0.248250 0.952891 0.082270 0.976721 0.960568 0.489592 0.190184 0.345940 0.910347 0.805304 0.974880 0.079559 ;
0.971291 0.034559 0.976693 0.027417 0.929531 0.494866 0.812441 0.089315 0.163290 0.424400 0.832093 0.975966 0.013174 0.369884 0.363427 0.873880 0.017067 0.935306 0.954024 0.974594 ;
0.846771 0.371580 0.980354 0.017417 0.920258 0.972501 0.869233 0.034547 0.050293 0.418461 0.535438 0.959968 0.014623 0.275271 0.586050 0.918636 0.006123 0.919994 0.954494 0.973266 ;
0.982636 0.395292 0.979072 0.023073 0.925243 0.766763 0.855183 0.068110 0.100580 0.362266 0.701132 0.969584 0.017449 0.888602 0.053410 0.712253 0.021153 0.042523 0.955932 0.966278 ;
0.885862 0.986681 0.965947 0.027003 0.947433 0.633843 0.765372 0.048785 0.109642 0.507611 0.207785 0.934340 0.009843 0.098416 0.983496 0.796319 0.013035 0.599564 0.935552 0.962614 ;
];
X_settling = [];
X_settling_pattern = [];
