X = [0.053332 0.033597 0.340223 0.933558 0.034690 0.079172 0.032092 0.969320 0.882978 0.094660 0.023441 0.976550 0.040225 0.058994 0.920597 0.965594 0.046870 0.049197 0.875959 0.038913 ;
0.040787 0.911172 0.948073 0.906210 0.024677 0.048413 0.934587 0.033857 0.901025 0.056629 0.905186 0.975764 0.029944 0.039782 0.290778 0.919152 0.027734 0.030197 0.883156 0.023843 ;
0.046438 0.957143 0.882942 0.038003 0.020237 0.083613 0.040026 0.964159 0.900715 0.943743 0.910379 0.962644 0.030422 0.075438 0.117162 0.040767 0.035154 0.078715 0.875970 0.021743 ;
0.037917 0.924956 0.042984 0.043956 0.029153 0.067197 0.023061 0.048621 0.876207 0.966642 0.849537 0.980608 0.034905 0.059765 0.899266 0.969343 0.032182 0.188224 0.876051 0.023460 ;
0.974040 0.824963 0.028404 0.065697 0.029949 0.183736 0.035350 0.044327 0.910085 0.945249 0.632423 0.032485 0.068401 0.076163 0.901093 0.973070 0.031566 0.362976 0.020844 0.022492 ;
0.957999 0.928284 0.820560 0.045055 0.021142 0.148302 0.060871 0.968484 0.935440 0.928378 0.916670 0.017409 0.037844 0.086615 0.105805 0.045788 0.035332 0.175986 0.019359 0.022134 ;
0.979271 0.823650 0.917127 0.930516 0.024871 0.134923 0.955701 0.025435 0.933022 0.040500 0.790186 0.028010 0.054854 0.044491 0.279680 0.931595 0.026508 0.069916 0.021382 0.022240 ;
0.960966 0.019426 0.213015 0.939640 0.036672 0.135564 0.045089 0.972853 0.921931 0.077568 0.027114 0.029048 0.047980 0.063258 0.911856 0.970237 0.048049 0.110377 0.018018 0.040763 ;
0.045245 0.011501 0.970985 0.904693 0.802202 0.869200 0.948284 0.973709 0.024535 0.030862 0.027201 0.031895 0.929072 0.973856 0.058019 0.035486 0.830916 0.910360 0.895110 0.848810 ;
0.945317 0.034596 0.975420 0.896178 0.848569 0.092346 0.950048 0.802943 0.024016 0.039608 0.810394 0.021903 0.054504 0.967067 0.034751 0.031023 0.878512 0.905045 0.863636 0.896538 ;
0.960021 0.022069 0.961563 0.910832 0.724729 0.933549 0.966624 0.049983 0.024220 0.024770 0.032142 0.017577 0.912854 0.969147 0.067024 0.070795 0.747413 0.914913 0.844220 0.747373 ;
0.960017 0.022045 0.961593 0.910909 0.724907 0.933576 0.966648 0.050037 0.024202 0.024761 0.032131 0.017579 0.912900 0.969178 0.067005 0.070768 0.747636 0.914964 0.844314 0.747581 ;
0.967424 0.012495 0.017152 0.025416 0.818287 0.952437 0.019727 0.031859 0.022039 0.970999 0.029853 0.968779 0.952114 0.063533 0.066737 0.087324 0.951877 0.032386 0.025208 0.931164 ;
0.967446 0.012515 0.017167 0.025423 0.818059 0.952389 0.019741 0.031787 0.022059 0.970966 0.029908 0.968731 0.952036 0.063527 0.066749 0.087353 0.951794 0.032408 0.025226 0.931048 ;
0.967416 0.012540 0.017191 0.025458 0.817597 0.952224 0.019751 0.031846 0.022115 0.970890 0.029903 0.968643 0.951853 0.063503 0.066869 0.087488 0.951620 0.032444 0.025263 0.930817 ;
0.055473 0.007403 0.023084 0.023072 0.861881 0.899944 0.012673 0.957232 0.024845 0.975445 0.024862 0.981317 0.958566 0.069772 0.059531 0.045827 0.965397 0.029365 0.038585 0.956484 ;
];
X_settling = [];
X_settling_pattern = [];
