X = [0.174814 0.029680 0.065264 0.888559 0.851321 0.050590 0.905315 0.689582 0.969901 0.777552 0.987672 0.081270 0.961178 0.037150 0.944611 0.936448 0.958177 0.005166 0.072591 0.151705 ;
0.962997 0.016689 0.028024 0.941720 0.798706 0.092669 0.626357 0.774951 0.977019 0.710127 0.052760 0.019209 0.934300 0.294576 0.961572 0.018054 0.942084 0.981686 0.019424 0.069802 ;
0.359223 0.973293 0.041133 0.951501 0.663794 0.025143 0.221590 0.849697 0.992038 0.932034 0.958631 0.030379 0.021832 0.302694 0.983269 0.759097 0.958130 0.946287 0.028883 0.074413 ;
0.403370 0.900310 0.202753 0.925125 0.888333 0.057766 0.025607 0.789306 0.942880 0.821210 0.021487 0.045808 0.984054 0.940586 0.966848 0.816944 0.951438 0.011557 0.051789 0.026975 ;
0.093305 0.945809 0.075572 0.984241 0.911353 0.911870 0.087061 0.980985 0.064447 0.939156 0.026581 0.020280 0.983484 0.991553 0.198901 0.806382 0.031048 0.041313 0.015633 0.910620 ;
0.048057 0.981619 0.013685 0.989449 0.725082 0.718658 0.504655 0.988430 0.402794 0.981868 0.948902 0.013063 0.021295 0.847011 0.362788 0.840031 0.058786 0.970530 0.008138 0.951909 ;
0.753930 0.020225 0.029743 0.968236 0.882739 0.883686 0.867821 0.953884 0.106141 0.787209 0.030883 0.023879 0.928647 0.738617 0.118077 0.041749 0.021614 0.990667 0.019632 0.962299 ;
0.048876 0.015820 0.034666 0.968169 0.845248 0.755326 0.985212 0.945053 0.094041 0.900897 0.985092 0.062667 0.973396 0.084286 0.147550 0.931548 0.039183 0.028986 0.039354 0.983591 ;
0.576440 0.936118 0.978422 0.054728 0.007105 0.761286 0.093230 0.042703 0.027676 0.966724 0.090117 0.984730 0.908245 0.198464 0.947116 0.204627 0.874962 0.607265 0.987585 0.015923 ;
0.932940 0.339353 0.990434 0.048854 0.006801 0.872433 0.073667 0.047366 0.017037 0.978840 0.071240 0.993536 0.968332 0.948005 0.027567 0.046849 0.863901 0.025073 0.989608 0.022511 ;
0.018210 0.125950 0.955446 0.086938 0.007304 0.809988 0.117106 0.152056 0.013888 0.977124 0.050121 0.980349 0.940925 0.663015 0.191892 0.516904 0.712854 0.945037 0.978090 0.050023 ;
0.855431 0.197873 0.987811 0.058700 0.005502 0.099319 0.106398 0.064857 0.022485 0.974485 0.114610 0.992649 0.954806 0.147131 0.177284 0.203765 0.904949 0.666577 0.989704 0.028804 ;
0.969852 0.513482 0.973558 0.044229 0.935774 0.016021 0.971826 0.024411 0.096504 0.011807 0.914218 0.961386 0.007717 0.071468 0.189688 0.905620 0.023228 0.736515 0.979802 0.974492 ;
0.142067 0.395647 0.956737 0.018829 0.920698 0.697875 0.981241 0.022455 0.027314 0.006358 0.767282 0.956993 0.013504 0.271211 0.361662 0.962400 0.005748 0.940551 0.985267 0.985521 ;
0.980953 0.392786 0.977688 0.024657 0.926705 0.743266 0.957612 0.017646 0.071519 0.012228 0.812967 0.969277 0.020689 0.888249 0.020132 0.514475 0.020002 0.078933 0.981632 0.965121 ;
0.849002 0.991605 0.954318 0.031851 0.914376 0.679362 0.963324 0.017515 0.051719 0.010048 0.843507 0.916450 0.007111 0.101056 0.960074 0.879891 0.010550 0.597013 0.974823 0.964913 ;
];
X_settling = [];
X_settling_pattern = [];
