X = [0.330800 0.510180 0.120039 0.638036 0.756297 0.161832 0.957865 0.626247 0.405682 0.811617 0.449319 0.082532 0.853681 0.238460 0.800930 0.581346 0.849920 0.024977 0.212873 0.594033 ;
0.608533 0.068704 0.149647 0.569321 0.690672 0.174369 0.740294 0.659909 0.435196 0.699102 0.152877 0.028683 0.843675 0.409337 0.717941 0.465838 0.792416 0.299590 0.196265 0.475532 ;
0.502298 0.972268 0.137482 0.538361 0.658217 0.114817 0.471102 0.750943 0.603856 0.923458 0.768419 0.091455 0.145713 0.427888 0.812372 0.545068 0.888690 0.259579 0.241743 0.468801 ;
0.302251 0.688820 0.342096 0.576717 0.652024 0.155961 0.220880 0.463018 0.321525 0.765631 0.099457 0.037358 0.960895 0.973761 0.870420 0.758392 0.839817 0.078189 0.181108 0.446038 ;
0.452618 0.833320 0.451225 0.527680 0.759251 0.550557 0.174847 0.586487 0.146233 0.766029 0.101006 0.022116 0.954351 0.966167 0.500974 0.768941 0.177808 0.151780 0.021348 0.403235 ;
0.355057 0.971313 0.330517 0.514466 0.667710 0.388322 0.616104 0.779372 0.397189 0.921972 0.863155 0.044420 0.123720 0.589151 0.527118 0.580022 0.215311 0.332903 0.027641 0.422227 ;
0.421415 0.089994 0.332627 0.513825 0.797643 0.540342 0.831175 0.574207 0.290132 0.684909 0.147776 0.038017 0.863538 0.518925 0.449788 0.631131 0.159973 0.428573 0.069302 0.483374 ;
0.289176 0.342671 0.275888 0.614909 0.806771 0.273144 0.973666 0.573066 0.221773 0.781216 0.482057 0.057515 0.840149 0.112403 0.650499 0.668831 0.215023 0.063022 0.044636 0.555486 ;
0.551480 0.391170 0.869560 0.263541 0.104365 0.732170 0.346434 0.132407 0.280275 0.866840 0.231212 0.959061 0.757381 0.554050 0.362944 0.136871 0.716151 0.397339 0.731288 0.058038 ;
0.932057 0.409667 0.868197 0.312100 0.095021 0.812727 0.245266 0.109618 0.236442 0.860718 0.193091 0.957466 0.753304 0.966863 0.032905 0.044847 0.741427 0.024559 0.722152 0.051404 ;
0.027322 0.377637 0.836492 0.223706 0.172749 0.631476 0.408492 0.138917 0.141269 0.850920 0.161948 0.958859 0.716516 0.592474 0.375392 0.223029 0.618336 0.546496 0.609390 0.059353 ;
0.575025 0.418019 0.877407 0.327508 0.081184 0.066505 0.329221 0.124993 0.215458 0.860725 0.102429 0.959705 0.682120 0.206643 0.311420 0.258994 0.722427 0.441777 0.766067 0.049634 ;
0.559296 0.501614 0.750175 0.358370 0.815753 0.015059 0.980580 0.053441 0.286811 0.743646 0.733212 0.760689 0.111766 0.205073 0.326020 0.910486 0.144583 0.367736 0.885133 0.695692 ;
0.048457 0.435173 0.685243 0.203208 0.852341 0.566425 0.984576 0.042084 0.189829 0.670435 0.710717 0.806838 0.149839 0.566143 0.322464 0.848203 0.072247 0.392847 0.816815 0.692498 ;
0.930064 0.470003 0.630859 0.313004 0.799549 0.725387 0.963905 0.063287 0.300171 0.688108 0.794128 0.746050 0.161319 0.959212 0.026589 0.515526 0.128283 0.032548 0.822206 0.670873 ;
0.657995 0.674868 0.694885 0.215609 0.785604 0.659201 0.976768 0.051163 0.327360 0.772995 0.745220 0.737832 0.147414 0.580323 0.355405 0.792538 0.087556 0.300915 0.817831 0.648657 ;
];
X_settling = [];
X_settling_pattern = [];
