X = [0.036555 0.015220 0.256349 0.997903 0.004268 0.020207 0.011773 0.032142 0.997684 0.000843 0.235318 0.025651 0.998122 0.034324 0.997691 0.027246 0.068156 0.012696 0.000928 0.003176 ;
0.018159 0.005662 0.013178 0.999835 0.004958 0.005849 0.017037 0.037858 0.128585 0.003144 0.783379 0.002440 0.086339 0.010778 0.997996 0.009828 0.018703 0.003802 0.994972 0.001995 ;
0.036578 0.015207 0.256045 0.997901 0.004271 0.020196 0.011773 0.032142 0.997684 0.000843 0.234572 0.025672 0.998122 0.034361 0.997691 0.027237 0.068110 0.012697 0.000930 0.003180 ;
0.017012 0.006257 0.060742 0.999783 0.004836 0.005268 0.007580 0.037579 0.078221 0.002735 0.042096 0.004498 0.995740 0.017814 0.998067 0.017828 0.025785 0.003347 0.993865 0.001788 ;
0.005448 0.001511 0.058820 0.999834 0.989543 0.003895 0.003126 0.014671 0.082746 0.001624 0.049607 0.002014 0.970135 0.009545 0.996722 0.008755 0.004140 0.001644 0.989031 0.988160 ;
0.013595 0.005013 0.265323 0.997276 0.995269 0.020952 0.006310 0.012941 0.996578 0.000801 0.209740 0.016103 0.988405 0.021000 0.993898 0.018586 0.011150 0.005909 0.000611 0.997320 ;
0.005879 0.001227 0.016338 0.999899 0.988552 0.003944 0.006823 0.015008 0.105148 0.001854 0.827751 0.001149 0.009724 0.005699 0.996305 0.004819 0.003014 0.001930 0.994147 0.986530 ;
0.012145 0.003101 0.718164 0.996947 0.994887 0.027039 0.014084 0.019525 0.996688 0.000795 0.982530 0.020322 0.008053 0.023536 0.787075 0.033854 0.018482 0.008928 0.002560 0.997054 ;
0.968669 0.008908 0.995777 0.035848 0.057000 0.985532 0.980680 0.968827 0.998287 0.240863 0.006991 0.012767 0.000383 0.944893 0.995359 0.967088 0.916027 0.853999 0.003262 0.998340 ;
0.967433 0.007659 0.994301 0.037705 0.038942 0.985676 0.988624 0.971152 0.996064 0.085633 0.005129 0.994113 0.000354 0.938866 0.993942 0.983412 0.934290 0.883104 0.003274 0.997536 ;
0.967409 0.007656 0.994299 0.037721 0.039004 0.985666 0.988618 0.971136 0.996064 0.085605 0.005130 0.994111 0.000354 0.938845 0.993943 0.983399 0.934246 0.883042 0.003276 0.997539 ;
0.967331 0.007636 0.994286 0.038094 0.039241 0.985609 0.988588 0.971061 0.996071 0.085253 0.005133 0.994088 0.000354 0.938730 0.993957 0.983336 0.933962 0.882624 0.003282 0.997546 ;
0.051589 0.630069 0.989035 0.992760 0.008176 0.885461 0.006419 0.023428 0.013417 0.284135 0.857115 0.981038 0.999982 0.011398 0.045643 0.968115 0.961019 0.545474 0.005071 0.002049 ;
0.038388 0.875866 0.996216 0.003230 0.012701 0.974817 0.013330 0.036027 0.018460 0.843689 0.855678 0.997119 0.999980 0.013660 0.005488 0.986229 0.991028 0.916847 0.003403 0.008417 ;
0.130359 0.889741 0.997065 0.075923 0.021362 0.968620 0.011306 0.019367 0.996717 0.115127 0.811976 0.996006 0.999989 0.013966 0.005628 0.990685 0.987960 0.896204 0.003560 0.007525 ;
0.149890 0.915373 0.998078 0.063253 0.019619 0.973016 0.007501 0.020432 0.998340 0.350271 0.863884 0.020267 0.999990 0.016237 0.006934 0.984368 0.987625 0.889704 0.003103 0.007220 ;
];
X_settling = [];
X_settling_pattern = [];
