X = [0.019162 0.038713 0.501801 0.960676 0.029198 0.022515 0.038521 0.972857 0.963389 0.072751 0.027653 0.978471 0.032950 0.029108 0.951841 0.968851 0.029170 0.068810 0.978706 0.028179 ;
0.018598 0.965117 0.974575 0.966253 0.018646 0.029998 0.956783 0.020312 0.965158 0.034367 0.967210 0.977656 0.025777 0.020762 0.083254 0.937361 0.018429 0.037973 0.976670 0.018639 ;
0.014178 0.965513 0.970537 0.044139 0.022385 0.023194 0.031395 0.977211 0.966434 0.914910 0.967067 0.962632 0.021322 0.033876 0.027374 0.035435 0.022584 0.120348 0.977083 0.022864 ;
0.016734 0.945923 0.062488 0.029643 0.021338 0.040571 0.026586 0.019632 0.958011 0.970644 0.950820 0.977123 0.025819 0.026119 0.962808 0.975108 0.020651 0.405457 0.978980 0.020706 ;
0.982422 0.965416 0.028592 0.034896 0.024104 0.110220 0.042500 0.023696 0.974115 0.965624 0.958668 0.022315 0.036038 0.039576 0.971043 0.977419 0.023298 0.667248 0.024167 0.022744 ;
0.978994 0.978108 0.933301 0.051495 0.024531 0.060212 0.048249 0.981257 0.979673 0.900410 0.972438 0.014617 0.027557 0.047495 0.035357 0.039941 0.024761 0.266682 0.021160 0.024514 ;
0.983977 0.978445 0.939570 0.970351 0.019759 0.077777 0.970478 0.024370 0.979814 0.030255 0.971835 0.025812 0.033528 0.027281 0.109736 0.946740 0.019545 0.089250 0.019662 0.019359 ;
0.984628 0.056065 0.217513 0.957840 0.032313 0.058812 0.046980 0.974916 0.976185 0.071559 0.030190 0.026160 0.042375 0.036946 0.969337 0.974706 0.032385 0.156144 0.018412 0.030659 ;
0.037371 0.006113 0.974069 0.965498 0.944992 0.738068 0.965195 0.969929 0.019763 0.015018 0.034650 0.019729 0.935710 0.979183 0.016139 0.024941 0.937820 0.972330 0.981372 0.927012 ;
0.907184 0.014695 0.978456 0.960778 0.949766 0.044474 0.968388 0.763621 0.019052 0.019302 0.909996 0.017453 0.056151 0.975856 0.009464 0.021565 0.945147 0.977734 0.976689 0.937452 ;
0.036555 0.023149 0.967741 0.942642 0.936507 0.950894 0.982849 0.038525 0.016233 0.018964 0.967452 0.017098 0.937714 0.978966 0.009669 0.029934 0.925983 0.978952 0.980212 0.914456 ;
0.963052 0.010582 0.966703 0.969356 0.905974 0.943774 0.978014 0.039874 0.018062 0.012594 0.038053 0.011226 0.940215 0.977329 0.017803 0.048004 0.888582 0.975159 0.970779 0.849211 ;
0.969890 0.010663 0.013739 0.023978 0.965301 0.955650 0.021496 0.034943 0.019350 0.976333 0.039973 0.975929 0.957120 0.019466 0.059804 0.080828 0.963379 0.027908 0.012607 0.955149 ;
0.044215 0.024453 0.014662 0.012623 0.975428 0.960231 0.027636 0.033599 0.018053 0.983667 0.968649 0.983738 0.953733 0.020750 0.032710 0.050783 0.974671 0.032317 0.018770 0.974171 ;
0.927254 0.017149 0.021094 0.017972 0.979630 0.059708 0.016091 0.648595 0.020674 0.983576 0.920815 0.983476 0.077347 0.017916 0.031831 0.038594 0.980362 0.030572 0.015586 0.980277 ;
0.044220 0.006559 0.018241 0.021083 0.978570 0.790787 0.013494 0.964519 0.022269 0.979609 0.035174 0.985821 0.955247 0.020804 0.053984 0.042548 0.978623 0.024498 0.019671 0.977854 ;
];
X_settling = [];
X_settling_pattern = [];
