X = [0.038247 0.007391 0.058938 0.976640 0.962795 0.034411 0.022269 0.028959 0.090462 0.126920 0.025339 0.044818 0.969944 0.013371 0.428086 0.052962 0.036363 0.019732 0.999317 0.809881 ;
0.037335 0.006474 0.032377 0.977508 0.976471 0.025406 0.025039 0.033176 0.074126 0.110031 0.038678 0.028420 0.042843 0.025138 0.448032 0.033218 0.022967 0.016359 0.999951 0.800674 ;
0.038243 0.007390 0.058935 0.976640 0.962810 0.034407 0.022269 0.028957 0.090463 0.126914 0.025339 0.044815 0.969938 0.013370 0.428096 0.052953 0.036362 0.019729 0.999317 0.809890 ;
0.038258 0.007392 0.058946 0.976638 0.962761 0.034420 0.022270 0.028964 0.090460 0.126932 0.025339 0.044823 0.969955 0.013373 0.428067 0.052983 0.036367 0.019738 0.999317 0.809860 ;
0.038263 0.007393 0.058988 0.976642 0.962745 0.034440 0.022270 0.028959 0.090464 0.126987 0.025349 0.044847 0.970024 0.013370 0.428009 0.053029 0.036378 0.019743 0.999316 0.809842 ;
0.037342 0.006475 0.032370 0.977500 0.976469 0.025410 0.025042 0.033175 0.074130 0.110020 0.038621 0.028422 0.042925 0.025134 0.448002 0.033222 0.022969 0.016362 0.999951 0.800656 ;
0.037288 0.006442 0.032399 0.977573 0.976488 0.025311 0.025015 0.033188 0.074106 0.109843 0.039022 0.028337 0.042267 0.025144 0.448894 0.033078 0.022943 0.016322 0.999951 0.800773 ;
0.037334 0.006471 0.032376 0.977510 0.976471 0.025396 0.025038 0.033177 0.074126 0.110003 0.038683 0.028412 0.042831 0.025136 0.448135 0.033203 0.022966 0.016357 0.999951 0.800678 ;
0.038219 0.007380 0.058927 0.976647 0.962870 0.034367 0.022266 0.028945 0.090473 0.126799 0.025334 0.044774 0.969958 0.013362 0.428309 0.052868 0.036355 0.019710 0.999317 0.809907 ;
0.038224 0.007380 0.058921 0.976646 0.962868 0.034362 0.022267 0.028947 0.090472 0.126826 0.025341 0.044781 0.969942 0.013362 0.428391 0.052866 0.036352 0.019713 0.999317 0.809922 ;
0.038231 0.007375 0.058935 0.976648 0.962842 0.034348 0.022266 0.028946 0.090479 0.126788 0.025346 0.044770 0.969992 0.013358 0.428567 0.052851 0.036354 0.019714 0.999316 0.809902 ;
0.038222 0.007381 0.058918 0.976645 0.962875 0.034366 0.022267 0.028947 0.090471 0.126833 0.025339 0.044783 0.969932 0.013362 0.428340 0.052870 0.036352 0.019712 0.999317 0.809925 ;
0.038232 0.007380 0.058931 0.976646 0.962842 0.034364 0.022267 0.028949 0.090473 0.126825 0.025343 0.044782 0.969965 0.013362 0.428419 0.052876 0.036355 0.019717 0.999316 0.809904 ;
0.038230 0.007376 0.058933 0.976648 0.962844 0.034352 0.022266 0.028946 0.090478 0.126796 0.025345 0.044773 0.969984 0.013359 0.428531 0.052855 0.036354 0.019714 0.999316 0.809904 ;
0.038243 0.007377 0.058945 0.976647 0.962804 0.034362 0.022267 0.028951 0.090477 0.126812 0.025347 0.044780 0.970005 0.013361 0.428517 0.052881 0.036359 0.019722 0.999316 0.809879 ;
0.038246 0.007376 0.058951 0.976647 0.962792 0.034359 0.022266 0.028951 0.090479 0.126801 0.025349 0.044778 0.970022 0.013360 0.428566 0.052880 0.036360 0.019723 0.999316 0.809871 ;
];
X_settling = [];
X_settling_pattern = [];
