X = [0.906144 0.087126 0.130450 0.547775 0.020193 0.084474 0.898408 0.884646 0.085639 0.074604 0.209747 0.061091 0.090290 0.236150 0.155738 0.492661 0.093337 0.538333 0.551335 0.283467 ;
0.908246 0.086376 0.128227 0.554812 0.020070 0.083078 0.899983 0.885439 0.084656 0.073081 0.211293 0.059985 0.088847 0.235842 0.154549 0.499377 0.092279 0.548088 0.553829 0.293364 ;
0.905996 0.087182 0.130601 0.547261 0.020203 0.084576 0.898288 0.884581 0.085712 0.074714 0.209628 0.061163 0.090401 0.236199 0.155828 0.492199 0.093414 0.537667 0.551176 0.282814 ;
0.279633 0.515732 0.710663 0.066018 0.026210 0.756013 0.907129 0.962187 0.654070 0.788286 0.038207 0.119875 0.963548 0.936122 0.774345 0.106587 0.141774 0.060710 0.857330 0.034117 ;
0.500931 0.374603 0.703529 0.067707 0.027115 0.762121 0.908770 0.923819 0.653158 0.797745 0.038755 0.133337 0.962897 0.936827 0.779141 0.105902 0.124564 0.061835 0.866213 0.036704 ;
0.510116 0.370113 0.703370 0.067760 0.027128 0.762443 0.908903 0.921832 0.653194 0.798136 0.038774 0.133794 0.962848 0.936829 0.779401 0.105858 0.124036 0.061845 0.866504 0.036818 ;
0.533935 0.358994 0.703029 0.067894 0.027151 0.763323 0.909280 0.916527 0.653325 0.799169 0.038819 0.134943 0.962710 0.936821 0.780116 0.105735 0.122712 0.061850 0.867237 0.037117 ;
0.496939 0.376590 0.703604 0.067684 0.027109 0.761983 0.908715 0.924673 0.653145 0.797576 0.038747 0.133136 0.962918 0.936825 0.779030 0.105921 0.124797 0.061830 0.866085 0.036655 ;
0.271246 0.522040 0.710974 0.065929 0.026157 0.755785 0.907100 0.963265 0.654135 0.787861 0.038185 0.119272 0.963553 0.936078 0.774172 0.106596 0.142677 0.060647 0.856898 0.034033 ;
0.374843 0.447804 0.707032 0.066868 0.026730 0.758385 0.907529 0.947945 0.653335 0.792526 0.038462 0.126241 0.963389 0.936557 0.776173 0.106380 0.133066 0.061367 0.861663 0.035179 ;
0.399796 0.431633 0.706173 0.067053 0.026836 0.759043 0.907697 0.943634 0.653212 0.793561 0.038525 0.127767 0.963318 0.936642 0.776687 0.106303 0.131163 0.061503 0.862655 0.035474 ;
0.422936 0.417361 0.705440 0.067216 0.026921 0.759683 0.907884 0.939430 0.653133 0.794512 0.038581 0.129129 0.963241 0.936708 0.777191 0.106223 0.129508 0.061612 0.863531 0.035751 ;
0.455781 0.398343 0.704522 0.067432 0.027021 0.760651 0.908207 0.933127 0.653086 0.795861 0.038658 0.130973 0.963112 0.936779 0.777960 0.106099 0.127317 0.061735 0.864708 0.036149 ;
0.453622 0.399548 0.704577 0.067418 0.027015 0.760585 0.908184 0.933554 0.653087 0.795772 0.038653 0.130855 0.963121 0.936775 0.777907 0.106108 0.127456 0.061728 0.864633 0.036123 ;
0.279188 0.516067 0.710680 0.066013 0.026208 0.756001 0.907127 0.962245 0.654074 0.788264 0.038206 0.119843 0.963548 0.936120 0.774336 0.106588 0.141821 0.060707 0.857308 0.034113 ;
0.279555 0.515789 0.710665 0.066017 0.026210 0.756009 0.907128 0.962197 0.654070 0.788281 0.038207 0.119869 0.963548 0.936122 0.774342 0.106587 0.141782 0.060710 0.857326 0.034117 ;
];
X_settling = [];
X_settling_pattern = [];
