X = [0.291387 0.619382 0.107114 0.584354 0.760844 0.162488 0.813448 0.574817 0.405682 0.737386 0.379506 0.413821 0.657908 0.238460 0.800930 0.613846 0.852803 0.024977 0.227990 0.586478 ;
0.551973 0.105766 0.123657 0.566992 0.752638 0.159025 0.726375 0.657200 0.435470 0.679770 0.124593 0.236317 0.830463 0.409337 0.717941 0.538978 0.841205 0.299590 0.247202 0.467595 ;
0.514699 0.983036 0.126080 0.526962 0.702194 0.122717 0.381610 0.757455 0.608515 0.911746 0.732692 0.445025 0.720212 0.421103 0.812372 0.573209 0.899138 0.259579 0.246450 0.500310 ;
0.438123 0.777464 0.276044 0.563090 0.702826 0.130247 0.158897 0.479952 0.321525 0.679770 0.088267 0.224200 0.612741 0.971454 0.870420 0.750931 0.839817 0.078189 0.268788 0.446038 ;
0.526746 0.833320 0.451225 0.527680 0.755850 0.496919 0.164133 0.623141 0.152000 0.711623 0.114387 0.074425 0.696770 0.962887 0.500974 0.744967 0.189608 0.151780 0.423693 0.439672 ;
0.329411 0.972534 0.278933 0.503054 0.725681 0.405310 0.534854 0.770305 0.397189 0.916160 0.861297 0.181130 0.667315 0.588248 0.527118 0.541125 0.221125 0.332903 0.379575 0.444528 ;
0.422616 0.087123 0.261784 0.506869 0.829221 0.512691 0.800713 0.565550 0.290132 0.675571 0.141908 0.092833 0.827136 0.518925 0.449788 0.561711 0.205818 0.428573 0.476254 0.505415 ;
0.296631 0.367563 0.236179 0.560162 0.801566 0.273426 0.876418 0.533462 0.221773 0.723307 0.447252 0.192681 0.670359 0.112403 0.650499 0.553387 0.220331 0.063022 0.446886 0.556292 ;
0.511644 0.479699 0.718345 0.263541 0.638569 0.620038 0.308903 0.418761 0.301260 0.866398 0.356272 0.963786 0.763518 0.460805 0.362944 0.198852 0.752543 0.397339 0.735139 0.121683 ;
0.549592 0.479259 0.724794 0.311313 0.677760 0.800875 0.240343 0.393851 0.236442 0.852280 0.341594 0.958069 0.811842 0.948321 0.032905 0.262490 0.749474 0.024559 0.770719 0.118425 ;
0.026967 0.451064 0.693445 0.223706 0.693381 0.633259 0.396238 0.467794 0.145001 0.850920 0.295264 0.968575 0.761980 0.477621 0.375392 0.293393 0.618336 0.546496 0.768951 0.123619 ;
0.517761 0.473324 0.732490 0.325720 0.655908 0.069453 0.300666 0.394870 0.222924 0.859085 0.191314 0.959705 0.809426 0.144032 0.311420 0.263340 0.735119 0.441777 0.766067 0.130453 ;
0.509955 0.451135 0.528650 0.355666 0.815753 0.013761 0.946035 0.052690 0.418082 0.735223 0.633835 0.793111 0.125788 0.205073 0.326020 0.714872 0.145954 0.367736 0.731914 0.691884 ;
0.047115 0.369378 0.448472 0.197353 0.847822 0.504597 0.945958 0.041537 0.301958 0.659205 0.614197 0.846037 0.122284 0.566143 0.322464 0.683241 0.076624 0.392847 0.737302 0.694761 ;
0.535165 0.413020 0.442770 0.313004 0.819987 0.700310 0.914366 0.063287 0.425755 0.682473 0.710076 0.746050 0.197533 0.959212 0.026589 0.694660 0.134557 0.032548 0.685010 0.655631 ;
0.665096 0.609399 0.459648 0.210499 0.829884 0.498502 0.934499 0.049318 0.448248 0.758817 0.650001 0.789408 0.164172 0.580323 0.355405 0.590403 0.106000 0.300915 0.705792 0.697878 ;
];
X_settling = [];
X_settling_pattern = [];
