X = [0.122467 0.118919 0.117114 0.147775 0.124851 0.129717 0.124544 0.136067 0.105610 0.124732 0.144902 0.119203 0.115171 0.119273 0.119203 0.109431 0.103474 0.112984 0.114675 0.123849 ;
0.122467 0.118919 0.117114 0.147775 0.124851 0.129717 0.124544 0.136068 0.105610 0.124732 0.144902 0.119203 0.115171 0.119273 0.119203 0.109431 0.103474 0.112984 0.114675 0.123848 ;
0.122467 0.118919 0.117115 0.147777 0.124851 0.129717 0.124544 0.136061 0.105609 0.124732 0.144920 0.119203 0.115171 0.119266 0.119203 0.109421 0.103473 0.112984 0.114675 0.123850 ;
0.122467 0.118919 0.117114 0.147775 0.124851 0.129717 0.124544 0.136068 0.105608 0.124732 0.144903 0.119203 0.115171 0.119273 0.119203 0.109431 0.103474 0.112984 0.114675 0.123849 ;
0.122467 0.118919 0.117113 0.147785 0.124851 0.129717 0.124545 0.136075 0.105597 0.124732 0.144975 0.119203 0.115171 0.119245 0.119203 0.109391 0.103473 0.112984 0.114675 0.123848 ;
0.122467 0.118919 0.117114 0.147789 0.124851 0.129717 0.124545 0.136069 0.105595 0.124732 0.145007 0.119203 0.115171 0.119233 0.119203 0.109374 0.103473 0.112984 0.114675 0.123849 ;
0.122467 0.118919 0.117113 0.147785 0.124851 0.129717 0.124545 0.136075 0.105599 0.124732 0.144973 0.119203 0.115171 0.119245 0.119203 0.109392 0.103474 0.112984 0.114675 0.123848 ;
0.122467 0.118919 0.117113 0.147785 0.124851 0.129717 0.124545 0.136074 0.105599 0.124732 0.144973 0.119203 0.115171 0.119245 0.119203 0.109392 0.103473 0.112984 0.114675 0.123848 ;
0.122467 0.118919 0.117113 0.147775 0.124851 0.129717 0.124544 0.136080 0.105609 0.124733 0.144902 0.119203 0.115171 0.119273 0.119203 0.109431 0.103475 0.112984 0.114675 0.123847 ;
0.122467 0.118919 0.117112 0.147775 0.124851 0.129717 0.124540 0.136075 0.105616 0.124734 0.144905 0.119203 0.115171 0.119272 0.119203 0.109429 0.103480 0.112983 0.114675 0.123848 ;
0.122467 0.118919 0.117111 0.147775 0.124851 0.129717 0.124540 0.136075 0.105616 0.124734 0.144905 0.119203 0.115171 0.119272 0.119203 0.109429 0.103480 0.112983 0.114675 0.123848 ;
0.122467 0.118919 0.117112 0.147769 0.124851 0.129717 0.124540 0.136075 0.105623 0.124734 0.144859 0.119203 0.115171 0.119290 0.119203 0.109455 0.103480 0.112983 0.114675 0.123847 ;
0.122467 0.118919 0.117113 0.147753 0.124851 0.129717 0.124540 0.136078 0.105615 0.124735 0.144859 0.119203 0.115171 0.119290 0.119203 0.109455 0.103485 0.112984 0.114675 0.123832 ;
0.122467 0.118919 0.117113 0.147774 0.124851 0.129717 0.124544 0.136078 0.105608 0.124733 0.144902 0.119203 0.115171 0.119273 0.119203 0.109431 0.103476 0.112984 0.114675 0.123847 ;
0.122467 0.118919 0.117113 0.147774 0.124851 0.129717 0.124544 0.136078 0.105608 0.124733 0.144902 0.119203 0.115171 0.119273 0.119203 0.109431 0.103476 0.112984 0.114675 0.123847 ;
0.122467 0.118919 0.117113 0.147774 0.124851 0.129717 0.124544 0.136082 0.105608 0.124733 0.144902 0.119203 0.115171 0.119273 0.119203 0.109431 0.103476 0.112984 0.114675 0.123846 ;
];
X_settling = [];
X_settling_pattern = [];
