X = [0.015543 0.005042 0.756937 0.999717 0.002663 0.013049 0.011232 0.033768 0.273623 0.004696 0.999529 0.002869 0.001735 0.014393 0.813322 0.018434 0.006872 0.003068 0.000762 0.007558 ;
0.020223 0.005466 0.035440 0.999931 0.002623 0.005712 0.013502 0.023787 0.090816 0.002109 0.826082 0.003493 0.025480 0.008727 0.997273 0.006140 0.001739 0.002087 0.999204 0.003503 ;
0.016229 0.008607 0.033155 0.999829 0.003404 0.008730 0.008551 0.035479 0.411023 0.003898 0.434989 0.004333 0.996401 0.018828 0.997412 0.009804 0.007403 0.004025 0.000750 0.001158 ;
0.023910 0.007887 0.982938 0.999853 0.002821 0.010919 0.009853 0.055804 0.076356 0.004560 0.018807 0.008171 0.999570 0.018742 0.997586 0.030108 0.006247 0.005032 0.998429 0.000414 ;
0.009804 0.003314 0.985132 0.999906 0.995610 0.015039 0.006356 0.022707 0.081439 0.004967 0.010411 0.007428 0.997511 0.023866 0.994098 0.026605 0.006539 0.009173 0.998267 0.987673 ;
0.007719 0.003360 0.039242 0.999865 0.996656 0.012681 0.006305 0.016212 0.487175 0.004224 0.200537 0.004237 0.978359 0.029092 0.993728 0.009414 0.008348 0.007682 0.000780 0.996381 ;
0.009277 0.002124 0.040347 0.999947 0.995668 0.008059 0.009941 0.010777 0.095177 0.002388 0.613362 0.003448 0.004264 0.013232 0.993408 0.005607 0.001877 0.003905 0.999264 0.998776 ;
0.006005 0.002612 0.785711 0.999727 0.995232 0.018688 0.006769 0.012674 0.268521 0.005938 0.999269 0.002956 0.000321 0.016963 0.495881 0.018088 0.007515 0.005899 0.000742 0.999153 ;
0.992453 0.005379 0.996374 0.246959 0.010168 0.992021 0.993384 0.987526 0.486723 0.791205 0.003922 0.005707 0.000446 0.989667 0.995592 0.987833 0.988554 0.988278 0.002796 0.999518 ;
0.983069 0.004374 0.995446 0.223207 0.008651 0.992527 0.995443 0.979935 0.995050 0.081978 0.002918 0.996623 0.000639 0.987248 0.995628 0.991018 0.986178 0.994368 0.002739 0.999464 ;
0.958912 0.004091 0.993440 0.005968 0.005487 0.996112 0.996706 0.990177 0.007378 0.838684 0.003730 0.997776 0.000334 0.987890 0.994413 0.987830 0.990693 0.995980 0.002553 0.999571 ;
0.977323 0.002336 0.990859 0.994387 0.008243 0.990721 0.993409 0.987084 0.003947 0.453188 0.004114 0.996010 0.000795 0.984345 0.998016 0.986490 0.980577 0.987239 0.003200 0.999184 ;
0.074264 0.992103 0.995398 0.994277 0.005451 0.987779 0.004002 0.022220 0.003732 0.690710 0.994356 0.995923 0.999994 0.009276 0.005010 0.991275 0.990437 0.988546 0.001998 0.000169 ;
0.038898 0.995407 0.996421 0.005937 0.003897 0.994161 0.007872 0.028000 0.007285 0.924437 0.993771 0.997679 0.999986 0.011884 0.001807 0.991413 0.994855 0.995983 0.001712 0.000319 ;
0.093414 0.995742 0.997533 0.214984 0.006053 0.989016 0.005767 0.013967 0.994997 0.175626 0.991960 0.996502 0.999993 0.011429 0.002281 0.993745 0.992493 0.994452 0.001821 0.000255 ;
0.201239 0.996587 0.998109 0.222761 0.006746 0.988990 0.004155 0.023535 0.494474 0.903071 0.993864 0.005588 0.999989 0.014726 0.002216 0.991891 0.994172 0.988976 0.001781 0.000285 ;
];
X_settling = [];
X_settling_pattern = [];
