X = [0.381085 0.204207 0.063321 0.870984 0.819308 0.044981 0.933637 0.622598 0.963364 0.821115 0.852801 0.089497 0.959876 0.040616 0.948260 0.879281 0.961666 0.003754 0.089337 0.435306 ;
0.815677 0.061869 0.055550 0.828258 0.796281 0.061205 0.664136 0.663668 0.975226 0.731402 0.043190 0.044436 0.926951 0.294698 0.961761 0.556683 0.925849 0.858467 0.036048 0.258693 ;
0.613808 0.963687 0.061007 0.950862 0.666335 0.025143 0.220186 0.713317 0.984820 0.929128 0.844923 0.096820 0.019792 0.313889 0.986024 0.832427 0.964402 0.417646 0.073484 0.309779 ;
0.329442 0.616828 0.202205 0.876710 0.879312 0.058083 0.153665 0.463018 0.948767 0.839425 0.021487 0.047127 0.980484 0.945640 0.968054 0.855278 0.952145 0.082795 0.044618 0.117966 ;
0.299762 0.831727 0.061699 0.974208 0.911353 0.572679 0.226630 0.802079 0.139836 0.842245 0.014762 0.022012 0.951065 0.991856 0.648445 0.828844 0.031413 0.172179 0.020695 0.914874 ;
0.203458 0.954040 0.031491 0.985791 0.710459 0.238718 0.525221 0.908598 0.522128 0.939104 0.807281 0.058430 0.008652 0.840853 0.806706 0.879989 0.048403 0.334130 0.014026 0.959460 ;
0.549457 0.070729 0.057190 0.885500 0.878106 0.597129 0.872108 0.759619 0.220816 0.591049 0.031659 0.050574 0.857355 0.753218 0.483865 0.745977 0.021582 0.932780 0.038585 0.959002 ;
0.208066 0.117207 0.042657 0.959559 0.826019 0.277644 0.980814 0.812415 0.235096 0.789593 0.876698 0.059487 0.936701 0.092592 0.582527 0.917153 0.035391 0.014334 0.040297 0.988086 ;
0.579829 0.339119 0.951126 0.146339 0.035474 0.761286 0.315338 0.072684 0.147247 0.973250 0.134677 0.986681 0.802074 0.198684 0.949441 0.167602 0.688906 0.396382 0.965493 0.066704 ;
0.939777 0.341367 0.941165 0.213963 0.032319 0.869540 0.239771 0.065319 0.097957 0.974517 0.094930 0.993767 0.905081 0.948005 0.037879 0.050247 0.680050 0.027207 0.974273 0.063141 ;
0.024834 0.171943 0.901348 0.214609 0.036443 0.724683 0.397961 0.174540 0.072292 0.972260 0.057060 0.984585 0.812227 0.604979 0.270427 0.247323 0.495579 0.492984 0.956651 0.129084 ;
0.861117 0.400686 0.950797 0.179214 0.022227 0.099319 0.304898 0.120432 0.088476 0.977444 0.049837 0.989568 0.882171 0.150053 0.180551 0.282414 0.705929 0.598479 0.980061 0.068685 ;
0.897563 0.460256 0.872758 0.243092 0.934646 0.017048 0.976535 0.050848 0.085972 0.161999 0.720223 0.899327 0.007717 0.170762 0.255027 0.945977 0.050819 0.473598 0.982664 0.979897 ;
0.061898 0.188645 0.763264 0.131725 0.920582 0.605660 0.985231 0.046432 0.032784 0.085860 0.800056 0.915046 0.011252 0.447702 0.541833 0.913974 0.017286 0.506589 0.986014 0.987079 ;
0.955617 0.374639 0.796017 0.184278 0.926705 0.756044 0.963649 0.038802 0.072315 0.164090 0.812967 0.932506 0.020320 0.951065 0.032997 0.585477 0.046243 0.061376 0.983843 0.965862 ;
0.714948 0.614708 0.780803 0.173056 0.910526 0.631195 0.972429 0.029854 0.049857 0.115914 0.760757 0.877910 0.006302 0.228414 0.979299 0.896205 0.031911 0.330982 0.978850 0.975618 ;
];
X_settling = [];
X_settling_pattern = [];
