X = [0.955910 0.165903 0.160281 0.177598 0.088796 0.264907 0.116556 0.123613 0.391359 0.268732 0.043954 0.042869 0.213305 0.087398 0.316378 0.254262 0.109251 0.145660 0.013206 0.086418 ;
0.955910 0.166045 0.160257 0.177683 0.088689 0.264722 0.116498 0.123633 0.391730 0.268756 0.043977 0.042838 0.213051 0.087380 0.316808 0.254433 0.109119 0.145664 0.013200 0.086321 ;
0.955907 0.166010 0.160149 0.177542 0.088717 0.264768 0.116435 0.123628 0.391633 0.268832 0.043975 0.042852 0.213106 0.087379 0.316779 0.254383 0.109151 0.145658 0.013200 0.086348 ;
0.955908 0.165989 0.160188 0.177567 0.088733 0.264795 0.116468 0.123625 0.391580 0.268802 0.043970 0.042855 0.213146 0.087383 0.316691 0.254360 0.109171 0.145659 0.013201 0.086361 ;
0.955905 0.166099 0.160148 0.177605 0.088653 0.264631 0.116409 0.123644 0.391858 0.268830 0.043991 0.042833 0.212920 0.087369 0.317020 0.254485 0.109072 0.145660 0.013197 0.086289 ;
0.955891 0.165879 0.159661 0.176896 0.088827 0.264902 0.116143 0.123611 0.391246 0.269179 0.043976 0.042914 0.213254 0.087374 0.316680 0.254169 0.109283 0.145630 0.013198 0.086453 ;
0.955924 0.167298 0.160660 0.179170 0.087742 0.263111 0.116410 0.123822 0.395067 0.268508 0.044147 0.042533 0.210893 0.087247 0.320279 0.256030 0.107951 0.145727 0.013161 0.085464 ;
0.955871 0.167204 0.159146 0.177467 0.087838 0.263122 0.115421 0.123822 0.394720 0.269540 0.044192 0.042648 0.210811 0.087200 0.320959 0.255785 0.108051 0.145665 0.013145 0.085568 ;
0.955927 0.166889 0.160717 0.178875 0.088047 0.263656 0.116566 0.123755 0.393985 0.268463 0.044085 0.042619 0.211633 0.087299 0.319015 0.255518 0.108329 0.145716 0.013176 0.085737 ;
0.955930 0.166925 0.160799 0.178995 0.088018 0.263614 0.116611 0.123760 0.394086 0.268407 0.044087 0.042606 0.211582 0.087298 0.319072 0.255571 0.108295 0.145721 0.013176 0.085710 ;
0.955923 0.166885 0.160600 0.178745 0.088052 0.263654 0.116487 0.123755 0.393966 0.268544 0.044088 0.042628 0.211623 0.087295 0.319076 0.255502 0.108334 0.145711 0.013175 0.085743 ;
0.955928 0.166896 0.160752 0.178920 0.088041 0.263650 0.116588 0.123755 0.394006 0.268439 0.044084 0.042616 0.211627 0.087300 0.319014 0.255530 0.108322 0.145718 0.013176 0.085731 ;
0.955900 0.165745 0.159915 0.177089 0.088917 0.265119 0.116354 0.123587 0.390936 0.268993 0.043941 0.042926 0.213570 0.087400 0.316177 0.254048 0.109396 0.145638 0.013206 0.086533 ;
0.955900 0.165766 0.159913 0.177103 0.088901 0.265091 0.116346 0.123591 0.390991 0.268995 0.043945 0.042922 0.213532 0.087397 0.316239 0.254073 0.109377 0.145638 0.013205 0.086519 ;
0.955900 0.165716 0.159920 0.177071 0.088939 0.265158 0.116365 0.123583 0.390859 0.268989 0.043937 0.042933 0.213625 0.087403 0.316089 0.254012 0.109424 0.145637 0.013207 0.086554 ;
0.955900 0.165906 0.159899 0.177196 0.088797 0.264905 0.116296 0.123611 0.391353 0.269009 0.043967 0.042891 0.213277 0.087380 0.316649 0.254240 0.109248 0.145643 0.013200 0.086425 ;
];
X_settling = [];
X_settling_pattern = [];
