X = [0.013879 0.906259 0.104112 0.140857 0.165141 0.217315 0.216742 0.179521 0.172635 0.176677 0.189719 0.167628 0.117278 0.215327 0.112773 0.159830 0.861406 0.175263 0.145530 0.132601 ;
0.013894 0.906472 0.104134 0.140619 0.164962 0.217635 0.216953 0.178902 0.172839 0.176873 0.189428 0.167693 0.117283 0.215446 0.112893 0.159730 0.861721 0.175085 0.145513 0.132548 ;
0.013854 0.906530 0.104060 0.141035 0.164862 0.216819 0.217360 0.180136 0.172309 0.176269 0.190027 0.167065 0.117254 0.215760 0.112530 0.159858 0.861999 0.175350 0.145897 0.132730 ;
0.013894 0.906380 0.104137 0.140643 0.165037 0.217658 0.216824 0.178949 0.172854 0.176903 0.189436 0.167771 0.117284 0.215353 0.112909 0.159749 0.861537 0.175108 0.145463 0.132537 ;
0.013894 0.906468 0.104135 0.140612 0.164966 0.217653 0.216942 0.178883 0.172850 0.176886 0.189417 0.167708 0.117283 0.215437 0.112900 0.159729 0.861707 0.175082 0.145505 0.132544 ;
0.013869 0.906670 0.104086 0.140950 0.164688 0.216739 0.217652 0.179743 0.172261 0.176198 0.189967 0.166905 0.117297 0.216058 0.112507 0.159724 0.862384 0.175182 0.146041 0.132772 ;
0.013894 0.906471 0.104134 0.140613 0.164963 0.217648 0.216948 0.178887 0.172847 0.176882 0.189419 0.167702 0.117283 0.215442 0.112898 0.159729 0.861716 0.175082 0.145508 0.132545 ;
0.013891 0.906432 0.104130 0.140659 0.164996 0.217581 0.216910 0.179011 0.172804 0.176840 0.189478 0.167682 0.117284 0.215426 0.112873 0.159748 0.861663 0.175117 0.145516 0.132557 ;
0.013875 0.906706 0.104103 0.140456 0.164626 0.218059 0.217462 0.179064 0.173095 0.177087 0.189171 0.167588 0.117241 0.215670 0.112986 0.159791 0.861811 0.175053 0.145666 0.132490 ;
0.013894 0.906477 0.104135 0.140609 0.164958 0.217653 0.216955 0.178876 0.172850 0.176885 0.189414 0.167701 0.117283 0.215446 0.112899 0.159727 0.861726 0.175079 0.145509 0.132545 ;
0.013899 0.906837 0.104139 0.140139 0.164546 0.218577 0.217447 0.178236 0.173427 0.177439 0.188764 0.167846 0.117261 0.215659 0.113195 0.159689 0.861954 0.174851 0.145526 0.132391 ;
0.013904 0.906440 0.104156 0.140472 0.164990 0.217992 0.216823 0.178517 0.173068 0.177130 0.189191 0.167959 0.117275 0.215285 0.113042 0.159706 0.861528 0.175002 0.145360 0.132467 ;
0.013894 0.906474 0.104135 0.140609 0.164960 0.217654 0.216951 0.178877 0.172850 0.176886 0.189415 0.167703 0.117283 0.215443 0.112900 0.159727 0.861720 0.175079 0.145508 0.132544 ;
0.013895 0.906353 0.104140 0.140642 0.165060 0.217678 0.216780 0.178939 0.172867 0.176922 0.189428 0.167805 0.117284 0.215319 0.112920 0.159752 0.861481 0.175109 0.145441 0.132531 ;
0.013894 0.906464 0.104135 0.140613 0.164969 0.217653 0.216936 0.178886 0.172850 0.176887 0.189418 0.167711 0.117283 0.215433 0.112901 0.159730 0.861700 0.175083 0.145503 0.132544 ;
0.013895 0.906354 0.104140 0.140644 0.165058 0.217675 0.216786 0.178944 0.172866 0.176919 0.189430 0.167801 0.117284 0.215323 0.112918 0.159753 0.861483 0.175110 0.145444 0.132532 ;
];
X_settling = [];
X_settling_pattern = [];
