X = [0.304582 0.120510 0.189251 0.155764 0.137276 0.124355 0.185848 0.115836 0.107952 0.175721 0.116698 0.130798 0.116140 0.111916 0.127454 0.121416 0.153145 0.153033 0.113798 0.158275 ;
0.304933 0.120509 0.189264 0.155766 0.137280 0.124360 0.185855 0.115822 0.107947 0.175717 0.116686 0.130746 0.116113 0.111920 0.127452 0.121422 0.153148 0.153026 0.113741 0.158277 ;
0.304923 0.120509 0.189260 0.155763 0.137280 0.124360 0.185853 0.115821 0.107947 0.175718 0.116686 0.130748 0.116114 0.111919 0.127452 0.121422 0.153148 0.153025 0.113743 0.158277 ;
0.304775 0.120510 0.189256 0.155764 0.137279 0.124358 0.185851 0.115828 0.107949 0.175719 0.116691 0.130770 0.116125 0.111918 0.127453 0.121420 0.153146 0.153029 0.113767 0.158276 ;
0.304886 0.120511 0.189226 0.155740 0.137283 0.124361 0.185834 0.115816 0.107947 0.175735 0.116688 0.130760 0.116118 0.111917 0.127457 0.121422 0.153147 0.153020 0.113747 0.158279 ;
0.304191 0.120506 0.188950 0.155559 0.137324 0.124365 0.185668 0.115806 0.107939 0.175870 0.116709 0.130962 0.116186 0.111890 0.127473 0.121400 0.153165 0.152980 0.113867 0.158324 ;
0.312890 0.120496 0.189489 0.155744 0.137365 0.124467 0.185968 0.115491 0.107858 0.175667 0.116408 0.129600 0.115487 0.111991 0.127408 0.121562 0.153206 0.152855 0.112499 0.158315 ;
0.313131 0.120497 0.189485 0.155733 0.137368 0.124471 0.185966 0.115478 0.107855 0.175673 0.116401 0.129566 0.115469 0.111993 0.127408 0.121565 0.153207 0.152849 0.112461 0.158316 ;
0.304204 0.120510 0.189262 0.155780 0.137271 0.124349 0.185856 0.115855 0.107956 0.175712 0.116711 0.130849 0.116170 0.111914 0.127453 0.121409 0.153143 0.153046 0.113859 0.158272 ;
0.312968 0.120496 0.189491 0.155744 0.137366 0.124468 0.185969 0.115488 0.107858 0.175667 0.116405 0.129589 0.115481 0.111992 0.127408 0.121563 0.153207 0.152854 0.112487 0.158316 ;
0.312858 0.120496 0.189488 0.155745 0.137365 0.124467 0.185968 0.115493 0.107859 0.175668 0.116409 0.129604 0.115490 0.111991 0.127408 0.121561 0.153206 0.152856 0.112504 0.158315 ;
0.313134 0.120496 0.189496 0.155744 0.137368 0.124470 0.185971 0.115481 0.107856 0.175666 0.116400 0.129566 0.115468 0.111993 0.127407 0.121566 0.153208 0.152850 0.112462 0.158316 ;
0.313219 0.120496 0.189498 0.155744 0.137369 0.124471 0.185972 0.115478 0.107855 0.175666 0.116397 0.129554 0.115461 0.111994 0.127406 0.121567 0.153208 0.152848 0.112449 0.158317 ;
0.304848 0.120510 0.189256 0.155762 0.137280 0.124359 0.185851 0.115824 0.107948 0.175720 0.116689 0.130759 0.116119 0.111918 0.127453 0.121421 0.153147 0.153027 0.113755 0.158277 ;
0.312483 0.120497 0.189478 0.155745 0.137361 0.124462 0.185963 0.115508 0.107863 0.175670 0.116422 0.129657 0.115519 0.111987 0.127410 0.121554 0.153203 0.152864 0.112561 0.158313 ;
0.304381 0.120511 0.189243 0.155763 0.137274 0.124352 0.185843 0.115844 0.107954 0.175723 0.116705 0.130828 0.116156 0.111914 0.127456 0.121413 0.153143 0.153037 0.113830 0.158274 ;
];
X_settling = [];
X_settling_pattern = [];
