X = [0.141428 0.114013 0.224995 0.104743 0.151182 0.170913 0.161741 0.272009 0.139322 0.214860 0.944614 0.095239 0.064204 0.163098 0.089066 0.086869 0.147442 0.139016 0.141933 0.198112 ;
0.141495 0.114504 0.223582 0.104922 0.151142 0.170869 0.162629 0.262592 0.138570 0.213951 0.945168 0.095238 0.064431 0.163055 0.089877 0.088686 0.147453 0.139211 0.142003 0.198782 ;
0.141432 0.114024 0.224982 0.104735 0.151179 0.170914 0.161758 0.271889 0.139312 0.214862 0.944636 0.095238 0.064205 0.163098 0.089071 0.086881 0.147442 0.139020 0.141933 0.198119 ;
0.141495 0.114501 0.223593 0.104919 0.151142 0.170870 0.162622 0.262671 0.138577 0.213960 0.945164 0.095238 0.064428 0.163054 0.089870 0.088670 0.147452 0.139209 0.142001 0.198776 ;
0.141496 0.114516 0.223546 0.104928 0.151140 0.170868 0.162648 0.262374 0.138553 0.213928 0.945178 0.095238 0.064436 0.163052 0.089898 0.088732 0.147452 0.139215 0.142003 0.198797 ;
0.140551 0.098919 0.279826 0.090918 0.150834 0.172534 0.129589 0.728338 0.173753 0.268202 0.924417 0.094822 0.055698 0.164260 0.064368 0.034037 0.145606 0.136559 0.140258 0.173872 ;
0.141496 0.114514 0.223552 0.104926 0.151141 0.170868 0.162645 0.262412 0.138556 0.213932 0.945177 0.095238 0.064435 0.163052 0.089895 0.088724 0.147452 0.139215 0.142003 0.198794 ;
0.141421 0.113996 0.225013 0.104759 0.151186 0.170913 0.161712 0.272204 0.139338 0.214852 0.944574 0.095242 0.064204 0.163099 0.089060 0.086852 0.147443 0.139011 0.141933 0.198099 ;
0.141430 0.114019 0.224987 0.104739 0.151180 0.170913 0.161751 0.271939 0.139316 0.214861 0.944626 0.095238 0.064205 0.163098 0.089069 0.086876 0.147442 0.139018 0.141933 0.198116 ;
0.141442 0.114054 0.224937 0.104717 0.151173 0.170914 0.161809 0.271495 0.139280 0.214859 0.944695 0.095234 0.064209 0.163098 0.089091 0.086930 0.147440 0.139030 0.141934 0.198145 ;
0.141454 0.114042 0.225054 0.104648 0.151167 0.170922 0.161777 0.272139 0.139328 0.214994 0.944728 0.095225 0.064184 0.163108 0.089011 0.086753 0.147437 0.139026 0.141927 0.198096 ;
0.141475 0.114461 0.223630 0.104978 0.151153 0.170865 0.162566 0.262978 0.138604 0.213908 0.945071 0.095244 0.064432 0.163055 0.089866 0.088666 0.147456 0.139196 0.142011 0.198756 ;
0.141490 0.114476 0.223661 0.104920 0.151144 0.170871 0.162579 0.263098 0.138611 0.213991 0.945132 0.095238 0.064419 0.163056 0.089834 0.088592 0.147452 0.139199 0.142001 0.198745 ;
0.141451 0.114018 0.225131 0.104633 0.151169 0.170924 0.161732 0.272645 0.139367 0.215049 0.944705 0.095225 0.064172 0.163110 0.088967 0.086653 0.147436 0.139016 0.141923 0.198061 ;
0.141422 0.114056 0.224789 0.104819 0.151185 0.170904 0.161828 0.270778 0.139226 0.214671 0.944609 0.095245 0.064244 0.163091 0.089196 0.087153 0.147446 0.139035 0.141946 0.198199 ;
0.141428 0.114264 0.224055 0.105004 0.151180 0.170875 0.162223 0.266083 0.138856 0.214092 0.944750 0.095255 0.064376 0.163068 0.089640 0.088144 0.147454 0.139122 0.141993 0.198532 ;
];
X_settling = [];
X_settling_pattern = [];
