X = [0.021236 0.010847 0.249017 0.999001 0.003798 0.012398 0.010138 0.025075 0.997728 0.000791 0.451942 0.023164 0.998118 0.020474 0.997714 0.017528 0.028745 0.012615 0.000802 0.005717 ;
0.017850 0.003995 0.013051 0.999846 0.003838 0.004008 0.016652 0.024715 0.129234 0.003097 0.803467 0.002415 0.088401 0.006683 0.999005 0.005790 0.007853 0.003796 0.994848 0.004117 ;
0.021260 0.010837 0.248838 0.998999 0.003804 0.012396 0.010138 0.025109 0.997728 0.000791 0.450498 0.023189 0.998118 0.020511 0.997714 0.017529 0.028734 0.012618 0.000804 0.005727 ;
0.021271 0.010834 0.248907 0.998998 0.003805 0.012400 0.010139 0.025124 0.997728 0.000791 0.449947 0.023201 0.998118 0.020527 0.997714 0.017535 0.028738 0.012619 0.000805 0.005731 ;
0.009143 0.004341 0.272456 0.997817 0.996842 0.017115 0.006652 0.010833 0.996635 0.000970 0.348088 0.019639 0.988059 0.022915 0.994346 0.015586 0.011229 0.005932 0.000756 0.999179 ;
0.009143 0.004341 0.272501 0.997817 0.996842 0.017117 0.006652 0.010833 0.996636 0.000970 0.348118 0.019639 0.988060 0.022915 0.994345 0.015587 0.011230 0.005932 0.000756 0.999179 ;
0.008216 0.001661 0.018084 0.999613 0.996870 0.005958 0.011826 0.010461 0.103910 0.003668 0.731931 0.002438 0.009045 0.007503 0.996899 0.005507 0.003100 0.002070 0.996650 0.998764 ;
0.013345 0.003673 0.734401 0.995377 0.995604 0.032303 0.014874 0.011742 0.996698 0.000978 0.980820 0.026328 0.007669 0.028474 0.801534 0.029404 0.018866 0.009376 0.003699 0.999020 ;
0.987837 0.011307 0.996678 0.024527 0.021211 0.989455 0.993029 0.980868 0.998291 0.284040 0.006515 0.033289 0.000595 0.979660 0.994751 0.977114 0.969177 0.971634 0.003986 0.999559 ;
0.984248 0.008690 0.995049 0.031236 0.020722 0.992763 0.995316 0.980049 0.996086 0.094570 0.004920 0.997293 0.000546 0.975494 0.993668 0.986184 0.971440 0.973531 0.002791 0.999516 ;
0.984251 0.008695 0.995050 0.031133 0.020711 0.992769 0.995318 0.980057 0.996082 0.094691 0.004920 0.997296 0.000546 0.975501 0.993664 0.986194 0.971466 0.973556 0.002790 0.999516 ;
0.984250 0.008693 0.995050 0.031157 0.020715 0.992768 0.995317 0.980055 0.996083 0.094660 0.004920 0.997295 0.000546 0.975499 0.993665 0.986191 0.971459 0.973549 0.002791 0.999516 ;
0.085354 0.971045 0.995308 0.991490 0.009616 0.983753 0.006579 0.019995 0.011578 0.628200 0.961436 0.993160 0.999991 0.008676 0.016247 0.988322 0.981890 0.938214 0.002155 0.003634 ;
0.052601 0.985680 0.996642 0.005788 0.008661 0.991362 0.013045 0.027692 0.016432 0.910987 0.956622 0.997885 0.999986 0.012389 0.004989 0.991198 0.992376 0.981394 0.001933 0.008269 ;
0.092079 0.975865 0.997664 0.823210 0.013165 0.981869 0.006658 0.010445 0.996922 0.090330 0.954460 0.995140 0.999995 0.008852 0.016615 0.989942 0.979685 0.953355 0.002005 0.003985 ;
0.172715 0.990235 0.998424 0.141458 0.012871 0.985457 0.006419 0.015991 0.998023 0.512781 0.959280 0.027274 0.999993 0.016178 0.006910 0.990283 0.989937 0.975261 0.002526 0.006814 ;
];
X_settling = [];
X_settling_pattern = [];
