X = [0.095242 0.220529 0.313874 0.071854 0.148747 0.216295 0.074995 0.990576 0.234160 0.269733 0.090002 0.126350 0.178098 0.142890 0.039233 0.024959 0.150765 0.131751 0.151618 0.173773 ;
0.026322 0.096468 0.178942 0.082178 0.199246 0.599354 0.165042 0.122287 0.115299 0.243419 0.955017 0.107215 0.174258 0.186293 0.094401 0.093241 0.264613 0.170379 0.155906 0.297990 ;
0.027179 0.249330 0.375998 0.035722 0.143945 0.536731 0.086385 0.944825 0.290390 0.412233 0.963931 0.115546 0.110018 0.159739 0.032254 0.015051 0.142373 0.175146 0.180221 0.178533 ;
0.026327 0.096510 0.178930 0.082191 0.199197 0.599182 0.165078 0.122168 0.115324 0.243396 0.955025 0.107207 0.174186 0.186264 0.094447 0.093296 0.264533 0.170396 0.155907 0.297892 ;
0.026319 0.096386 0.178847 0.082177 0.199325 0.599636 0.165023 0.122183 0.115223 0.243424 0.955000 0.107245 0.174402 0.186296 0.094412 0.093259 0.264766 0.170355 0.155862 0.298165 ;
0.027182 0.249414 0.375997 0.035713 0.143930 0.536723 0.086385 0.944827 0.290426 0.412274 0.963939 0.115544 0.110012 0.159724 0.032254 0.015050 0.142344 0.175152 0.180208 0.178508 ;
0.026319 0.096419 0.178898 0.082173 0.199294 0.599531 0.165022 0.122270 0.115257 0.243430 0.955007 0.107232 0.174344 0.186299 0.094395 0.093235 0.264704 0.170363 0.155883 0.298096 ;
0.095233 0.220142 0.313749 0.071923 0.148843 0.216390 0.074983 0.990575 0.233983 0.269577 0.089821 0.126361 0.178220 0.142926 0.039250 0.024973 0.150932 0.131728 0.151585 0.173915 ;
0.094764 0.211710 0.311887 0.073699 0.151035 0.218030 0.074882 0.990570 0.229884 0.265721 0.085903 0.126559 0.180721 0.144174 0.039538 0.025263 0.154751 0.131347 0.151705 0.177160 ;
0.026238 0.094865 0.177842 0.082045 0.200895 0.604720 0.164410 0.122242 0.113933 0.243691 0.954710 0.107696 0.176896 0.186722 0.093987 0.092848 0.267720 0.169853 0.155354 0.301601 ;
0.026235 0.094868 0.177683 0.082003 0.200871 0.604907 0.164358 0.122096 0.113941 0.243765 0.954704 0.107761 0.176980 0.186604 0.094057 0.092899 0.267680 0.169826 0.155257 0.301581 ;
0.094740 0.211325 0.311805 0.073782 0.151139 0.218109 0.074879 0.990570 0.229692 0.265542 0.085733 0.126567 0.180836 0.144236 0.039551 0.025276 0.154932 0.131331 0.151715 0.177314 ;
0.026290 0.096131 0.178674 0.081961 0.199544 0.600796 0.164571 0.123095 0.115126 0.243808 0.954946 0.107467 0.174868 0.186199 0.094159 0.092868 0.265170 0.170138 0.155656 0.298749 ;
0.026238 0.094905 0.177475 0.081948 0.200784 0.604838 0.164298 0.121889 0.113975 0.243856 0.954709 0.107852 0.176951 0.186414 0.094167 0.092984 0.267566 0.169789 0.155135 0.301486 ;
0.026253 0.095063 0.177506 0.081947 0.200588 0.604125 0.164337 0.121824 0.114107 0.243849 0.954746 0.107843 0.176616 0.186304 0.094242 0.093052 0.267251 0.169818 0.155151 0.301129 ;
0.094735 0.211215 0.311775 0.073805 0.151168 0.218134 0.074877 0.990569 0.229639 0.265494 0.085684 0.126570 0.180870 0.144250 0.039556 0.025280 0.154983 0.131325 0.151711 0.177358 ;
];
X_settling = [];
X_settling_pattern = [];
