X = [0.126875 0.104524 0.154877 0.142716 0.144751 0.136554 0.151280 0.129150 0.130666 0.191365 0.543897 0.101943 0.077507 0.141991 0.108010 0.112171 0.154104 0.138471 0.129471 0.150234 ;
0.126867 0.104689 0.155312 0.141750 0.144653 0.136554 0.151899 0.129080 0.130756 0.193049 0.556060 0.101852 0.076725 0.141868 0.107965 0.112032 0.154050 0.138582 0.129351 0.150493 ;
0.126867 0.104691 0.155315 0.141743 0.144653 0.136554 0.151904 0.129079 0.130757 0.193062 0.556154 0.101851 0.076719 0.141867 0.107965 0.112031 0.154050 0.138583 0.129350 0.150495 ;
0.126867 0.104690 0.155314 0.141747 0.144653 0.136554 0.151901 0.129079 0.130756 0.193055 0.556099 0.101852 0.076723 0.141868 0.107965 0.112032 0.154050 0.138582 0.129350 0.150494 ;
0.126867 0.104690 0.155315 0.141744 0.144653 0.136554 0.151903 0.129079 0.130756 0.193061 0.556142 0.101851 0.076720 0.141868 0.107965 0.112031 0.154050 0.138583 0.129350 0.150495 ;
0.126867 0.104691 0.155317 0.141738 0.144652 0.136554 0.151906 0.129079 0.130757 0.193069 0.556206 0.101851 0.076716 0.141867 0.107965 0.112030 0.154050 0.138583 0.129349 0.150496 ;
0.126867 0.104686 0.155304 0.141768 0.144655 0.136554 0.151887 0.129081 0.130754 0.193017 0.555831 0.101854 0.076740 0.141871 0.107966 0.112035 0.154051 0.138580 0.129353 0.150488 ;
0.126875 0.104525 0.154878 0.142713 0.144751 0.136554 0.151282 0.129150 0.130667 0.191371 0.543943 0.101943 0.077504 0.141991 0.108010 0.112170 0.154104 0.138471 0.129470 0.150235 ;
0.126875 0.104522 0.154872 0.142728 0.144753 0.136554 0.151273 0.129151 0.130665 0.191346 0.543756 0.101944 0.077516 0.141992 0.108011 0.112172 0.154105 0.138469 0.129472 0.150231 ;
0.126875 0.104525 0.154879 0.142711 0.144751 0.136554 0.151283 0.129150 0.130667 0.191375 0.543965 0.101942 0.077502 0.141990 0.108010 0.112170 0.154104 0.138471 0.129470 0.150235 ;
0.126867 0.104696 0.155329 0.141713 0.144650 0.136554 0.151923 0.129077 0.130759 0.193113 0.556521 0.101848 0.076696 0.141864 0.107964 0.112027 0.154048 0.138586 0.129346 0.150503 ;
0.126875 0.104522 0.154872 0.142728 0.144753 0.136554 0.151273 0.129151 0.130665 0.191345 0.543752 0.101944 0.077516 0.141992 0.108011 0.112172 0.154105 0.138469 0.129472 0.150230 ;
0.126875 0.104522 0.154870 0.142732 0.144753 0.136554 0.151270 0.129151 0.130665 0.191339 0.543704 0.101944 0.077519 0.141993 0.108011 0.112173 0.154105 0.138469 0.129473 0.150229 ;
0.126867 0.104686 0.155303 0.141771 0.144655 0.136554 0.151885 0.129081 0.130754 0.193012 0.555792 0.101854 0.076743 0.141871 0.107966 0.112035 0.154052 0.138580 0.129354 0.150487 ;
0.126875 0.104523 0.154874 0.142722 0.144752 0.136554 0.151276 0.129151 0.130666 0.191356 0.543827 0.101943 0.077511 0.141992 0.108011 0.112171 0.154104 0.138470 0.129471 0.150232 ;
0.126875 0.104525 0.154880 0.142709 0.144751 0.136554 0.151285 0.129150 0.130667 0.191378 0.543990 0.101942 0.077501 0.141990 0.108010 0.112170 0.154104 0.138471 0.129470 0.150236 ;
];
X_settling = [];
X_settling_pattern = [];
