X = [0.208577 0.079991 0.175286 0.071539 0.830424 0.034880 0.032255 0.859084 0.042814 0.053411 0.862202 0.025111 0.592676 0.902319 0.049979 0.709903 0.943931 0.760672 0.889473 0.434362 ;
0.020665 0.030753 0.304901 0.818393 0.932858 0.029594 0.024295 0.942862 0.031618 0.048606 0.919367 0.096110 0.954413 0.959622 0.046657 0.705042 0.025747 0.770630 0.887201 0.658439 ;
0.032943 0.970276 0.142528 0.789279 0.026158 0.029723 0.869182 0.879262 0.025470 0.035280 0.906884 0.030724 0.159732 0.758895 0.033059 0.723218 0.945420 0.800873 0.907888 0.636794 ;
0.020675 0.030731 0.305430 0.818679 0.932892 0.029567 0.024315 0.942769 0.031592 0.048562 0.919465 0.096317 0.954476 0.959626 0.046615 0.704640 0.025725 0.770166 0.887068 0.658628 ;
0.027214 0.031114 0.974008 0.902247 0.970786 0.035360 0.032242 0.117142 0.038244 0.042803 0.948124 0.966712 0.940828 0.555019 0.044284 0.029880 0.028033 0.032930 0.025832 0.619030 ;
0.046279 0.972219 0.946348 0.896149 0.057211 0.034282 0.912139 0.042104 0.029335 0.029606 0.941569 0.924510 0.098229 0.099822 0.029962 0.028347 0.952671 0.032604 0.022780 0.601558 ;
0.027202 0.031114 0.973977 0.902138 0.970773 0.035392 0.032237 0.117331 0.038276 0.042840 0.948059 0.966688 0.940811 0.555028 0.044323 0.029902 0.028034 0.032958 0.025852 0.618812 ;
0.275571 0.104202 0.942383 0.142290 0.906850 0.047031 0.048293 0.035055 0.050315 0.050388 0.898493 0.912635 0.307425 0.168156 0.050698 0.035689 0.955833 0.036251 0.016256 0.381834 ;
0.026207 0.966466 0.909713 0.054590 0.017622 0.921013 0.938629 0.624877 0.950996 0.952871 0.051720 0.130370 0.955907 0.972479 0.950137 0.014300 0.053309 0.021726 0.910254 0.060446 ;
0.026200 0.966465 0.909713 0.054596 0.017622 0.921008 0.938636 0.625192 0.950991 0.952866 0.051729 0.130371 0.955907 0.972479 0.950132 0.014303 0.053280 0.021731 0.910274 0.060426 ;
0.085084 0.938078 0.910525 0.021592 0.025713 0.925531 0.924055 0.041211 0.955886 0.957340 0.065033 0.153487 0.942582 0.980658 0.955440 0.012015 0.971766 0.016329 0.891048 0.075485 ;
0.026441 0.966467 0.909738 0.054408 0.017617 0.921161 0.938411 0.614963 0.951147 0.953020 0.051448 0.130324 0.955882 0.972479 0.950297 0.014205 0.054241 0.021575 0.909629 0.061084 ;
0.102745 0.921054 0.163792 0.055709 0.884091 0.970575 0.024501 0.038299 0.924536 0.970533 0.096502 0.932906 0.029501 0.026044 0.970028 0.830096 0.968772 0.951507 0.022652 0.074596 ;
0.103261 0.920079 0.163833 0.055558 0.884607 0.970580 0.024393 0.038313 0.924564 0.970548 0.096507 0.933015 0.029529 0.026045 0.970043 0.830229 0.968793 0.951532 0.022652 0.074590 ;
0.032069 0.962708 0.163372 0.151720 0.816137 0.968412 0.035077 0.549824 0.916164 0.967118 0.077172 0.922712 0.036533 0.017704 0.966170 0.848489 0.053820 0.962118 0.026585 0.062603 ;
0.032069 0.962708 0.163373 0.151720 0.816137 0.968412 0.035077 0.549811 0.916164 0.967118 0.077171 0.922712 0.036533 0.017704 0.966171 0.848488 0.053821 0.962118 0.026585 0.062603 ;
];
X_settling = [];
X_settling_pattern = [];
