X = [0.289916 0.136254 0.137258 0.160669 0.130747 0.156251 0.151981 0.155222 0.137736 0.123266 0.129618 0.171241 0.116302 0.115343 0.146203 0.117220 0.108681 0.111601 0.100077 0.160727 ;
0.289919 0.136252 0.137257 0.160669 0.130746 0.156251 0.151980 0.155215 0.137736 0.123267 0.129616 0.171239 0.116303 0.115344 0.146202 0.117220 0.108679 0.111601 0.100078 0.160741 ;
0.288421 0.136319 0.137228 0.160414 0.130746 0.156404 0.151859 0.155040 0.137744 0.123324 0.129554 0.171231 0.116394 0.115365 0.146211 0.117222 0.108628 0.111613 0.100096 0.161324 ;
0.289814 0.136264 0.137255 0.160654 0.130747 0.156259 0.151974 0.155226 0.137737 0.123269 0.129613 0.171242 0.116307 0.115344 0.146207 0.117221 0.108682 0.111602 0.100078 0.160738 ;
0.289946 0.136216 0.137394 0.160682 0.130753 0.156266 0.151977 0.155112 0.137729 0.123284 0.129699 0.171315 0.116298 0.115312 0.146193 0.117155 0.108683 0.111539 0.100026 0.160741 ;
0.286912 0.136592 0.137201 0.160228 0.130769 0.156465 0.151806 0.155504 0.137766 0.123343 0.129535 0.171307 0.116405 0.115341 0.146337 0.117235 0.108773 0.111611 0.100080 0.160684 ;
0.289208 0.136274 0.137462 0.160588 0.130752 0.156331 0.151926 0.155091 0.137714 0.123305 0.129724 0.171363 0.116334 0.115302 0.146215 0.117130 0.108687 0.111519 0.100011 0.160775 ;
0.289726 0.136276 0.137253 0.160642 0.130748 0.156264 0.151970 0.155241 0.137738 0.123271 0.129612 0.171245 0.116309 0.115343 0.146212 0.117221 0.108687 0.111602 0.100078 0.160723 ;
0.289407 0.136312 0.137245 0.160595 0.130750 0.156286 0.151951 0.155275 0.137742 0.123279 0.129602 0.171251 0.116319 0.115343 0.146227 0.117224 0.108697 0.111604 0.100079 0.160714 ;
0.289467 0.136305 0.137247 0.160604 0.130750 0.156282 0.151955 0.155268 0.137741 0.123277 0.129604 0.171250 0.116317 0.115343 0.146224 0.117223 0.108695 0.111603 0.100079 0.160717 ;
0.289758 0.136272 0.137254 0.160646 0.130748 0.156261 0.151972 0.155238 0.137738 0.123270 0.129613 0.171244 0.116308 0.115343 0.146210 0.117221 0.108686 0.111602 0.100078 0.160723 ;
0.289466 0.136305 0.137247 0.160604 0.130750 0.156282 0.151955 0.155268 0.137741 0.123277 0.129604 0.171250 0.116317 0.115343 0.146224 0.117223 0.108695 0.111603 0.100079 0.160717 ;
0.286823 0.136620 0.137173 0.160216 0.130771 0.156464 0.151805 0.155566 0.137770 0.123341 0.129519 0.171300 0.116404 0.115344 0.146349 0.117249 0.108785 0.111623 0.100087 0.160622 ;
0.286449 0.136678 0.137153 0.160161 0.130777 0.156489 0.151787 0.155639 0.137777 0.123349 0.129503 0.171307 0.116412 0.115343 0.146372 0.117257 0.108806 0.111628 0.100087 0.160570 ;
0.286411 0.136667 0.137172 0.160157 0.130774 0.156494 0.151781 0.155605 0.137773 0.123352 0.129512 0.171313 0.116418 0.115342 0.146368 0.117248 0.108799 0.111622 0.100085 0.160607 ;
0.286357 0.136674 0.137167 0.160149 0.130775 0.156495 0.151778 0.155617 0.137774 0.123352 0.129509 0.171313 0.116420 0.115342 0.146370 0.117250 0.108801 0.111624 0.100086 0.160600 ;
];
X_settling = [];
X_settling_pattern = [];
