X = [0.018453 0.030705 0.579691 0.956682 0.048617 0.074329 0.071803 0.974469 0.751227 0.027116 0.026968 0.964173 0.057720 0.047925 0.761049 0.693518 0.040800 0.078139 0.957234 0.039813 ;
0.020905 0.853337 0.927187 0.965379 0.030494 0.065986 0.955241 0.029436 0.823152 0.016210 0.959212 0.965605 0.039308 0.031806 0.030423 0.718685 0.022276 0.077486 0.950505 0.025137 ;
0.015395 0.839807 0.869248 0.059632 0.039333 0.090500 0.051838 0.975193 0.820076 0.763364 0.952258 0.949149 0.033337 0.047904 0.032974 0.035118 0.029486 0.135532 0.964713 0.040658 ;
0.018795 0.793400 0.135727 0.034175 0.039957 0.074571 0.041453 0.023087 0.842806 0.931305 0.938837 0.967160 0.039921 0.037284 0.877418 0.770466 0.028621 0.361812 0.956126 0.028958 ;
0.976262 0.902781 0.081169 0.035219 0.035519 0.183535 0.058931 0.026373 0.925786 0.953984 0.952567 0.032022 0.040201 0.036898 0.914623 0.818413 0.024895 0.546917 0.020850 0.024554 ;
0.970782 0.923701 0.772511 0.051522 0.036752 0.224420 0.063449 0.978100 0.905624 0.851187 0.963281 0.021608 0.035366 0.044086 0.048033 0.044813 0.027201 0.235948 0.022476 0.036787 ;
0.979032 0.931321 0.877702 0.965766 0.026806 0.159990 0.967464 0.036898 0.912187 0.023864 0.967366 0.030341 0.038201 0.030224 0.041589 0.759944 0.018843 0.141735 0.017122 0.020833 ;
0.976086 0.059292 0.418405 0.958051 0.042592 0.180481 0.086312 0.976181 0.868346 0.040506 0.031149 0.030328 0.055866 0.042738 0.853336 0.774784 0.034586 0.138833 0.018390 0.032976 ;
0.112160 0.006890 0.844142 0.905615 0.883762 0.816632 0.945260 0.965569 0.019205 0.018500 0.024314 0.021935 0.935327 0.944789 0.017818 0.032098 0.868299 0.771322 0.935698 0.896121 ;
0.855555 0.006234 0.871523 0.897256 0.890335 0.100805 0.948842 0.862324 0.018780 0.019307 0.845184 0.021033 0.059116 0.937505 0.010693 0.026112 0.882172 0.806698 0.930302 0.909395 ;
0.026540 0.009950 0.808982 0.837010 0.865183 0.948090 0.971702 0.035028 0.015803 0.029404 0.955773 0.019822 0.932203 0.944529 0.010837 0.037295 0.841692 0.818008 0.946814 0.876814 ;
0.937940 0.013009 0.810881 0.912940 0.797873 0.928385 0.963794 0.059958 0.019189 0.014564 0.032418 0.012438 0.924842 0.936216 0.020186 0.060594 0.752181 0.779071 0.901196 0.771715 ;
0.951069 0.011543 0.015713 0.030384 0.918270 0.931960 0.020116 0.046479 0.023921 0.899633 0.035995 0.969269 0.948642 0.019307 0.067833 0.107980 0.924735 0.027319 0.019540 0.912481 ;
0.029645 0.009154 0.015674 0.014994 0.943873 0.947660 0.025280 0.027129 0.019651 0.944991 0.958198 0.982236 0.950406 0.021492 0.037169 0.067891 0.950939 0.032434 0.040148 0.951890 ;
0.914853 0.007551 0.025474 0.024647 0.946445 0.104309 0.014847 0.756274 0.029465 0.922253 0.879190 0.973989 0.077731 0.018188 0.041252 0.057966 0.956320 0.032328 0.021562 0.959169 ;
0.128460 0.006624 0.020319 0.026591 0.950387 0.814774 0.012803 0.950905 0.024472 0.913771 0.026768 0.983052 0.950620 0.021505 0.060893 0.059051 0.958296 0.024633 0.032692 0.958123 ;
];
X_settling = [];
X_settling_pattern = [];
