X = [0.088275 0.290321 0.097084 0.181684 0.138511 0.162713 0.210418 0.907599 0.108926 0.123318 0.128630 0.091743 0.226690 0.249302 0.181428 0.327492 0.161057 0.286824 0.263536 0.108981 ;
0.088268 0.290336 0.097081 0.181689 0.138512 0.162708 0.210421 0.907611 0.108922 0.123312 0.128632 0.091737 0.226682 0.249305 0.181425 0.327504 0.161064 0.286838 0.263542 0.108985 ;
0.088391 0.290009 0.097057 0.181721 0.138544 0.162702 0.210415 0.907540 0.108922 0.123316 0.128635 0.091681 0.227049 0.249604 0.181453 0.327517 0.160922 0.286841 0.263691 0.109029 ;
0.087974 0.291142 0.097051 0.181704 0.138408 0.162683 0.210617 0.908147 0.108878 0.123268 0.128609 0.091604 0.226833 0.249672 0.181472 0.327713 0.161293 0.286973 0.263806 0.108960 ;
0.088198 0.290490 0.097041 0.181740 0.138514 0.162651 0.210449 0.907733 0.108871 0.123245 0.128652 0.091678 0.226596 0.249337 0.181395 0.327643 0.161136 0.286984 0.263606 0.109032 ;
0.088194 0.290499 0.097039 0.181743 0.138514 0.162647 0.210450 0.907740 0.108868 0.123241 0.128654 0.091674 0.226591 0.249339 0.181393 0.327651 0.161140 0.286993 0.263610 0.109035 ;
0.088202 0.290480 0.097044 0.181737 0.138514 0.162654 0.210447 0.907725 0.108874 0.123250 0.128651 0.091682 0.226602 0.249335 0.181397 0.327634 0.161131 0.286974 0.263602 0.109029 ;
0.088331 0.290198 0.097115 0.181644 0.138510 0.162758 0.210395 0.907502 0.108966 0.123370 0.128614 0.091789 0.226756 0.249276 0.181450 0.327383 0.161000 0.286710 0.263486 0.108944 ;
0.087008 0.293299 0.096594 0.182288 0.138407 0.161987 0.210968 0.909635 0.108265 0.122455 0.128858 0.090925 0.225512 0.249849 0.181086 0.329367 0.162321 0.288734 0.264462 0.109517 ;
0.086989 0.293349 0.096593 0.182289 0.138401 0.161985 0.210979 0.909664 0.108262 0.122451 0.128857 0.090918 0.225510 0.249862 0.181087 0.329379 0.162337 0.288743 0.264473 0.109516 ;
0.087050 0.293184 0.096599 0.182286 0.138421 0.161993 0.210943 0.909567 0.108272 0.122463 0.128860 0.090942 0.225511 0.249813 0.181083 0.329337 0.162284 0.288712 0.264433 0.109518 ;
0.087065 0.293145 0.096601 0.182285 0.138425 0.161995 0.210934 0.909542 0.108275 0.122467 0.128860 0.090948 0.225508 0.249798 0.181082 0.329326 0.162271 0.288704 0.264421 0.109518 ;
0.088186 0.290517 0.097034 0.181749 0.138515 0.162641 0.210454 0.907754 0.108862 0.123233 0.128656 0.091668 0.226581 0.249342 0.181390 0.327667 0.161149 0.287010 0.263618 0.109040 ;
0.088284 0.290302 0.097089 0.181678 0.138511 0.162720 0.210414 0.907584 0.108933 0.123326 0.128627 0.091750 0.226700 0.249297 0.181431 0.327474 0.161048 0.286806 0.263528 0.108975 ;
0.086905 0.293707 0.096958 0.181821 0.138315 0.162329 0.210646 0.908909 0.108549 0.122791 0.128760 0.091704 0.223476 0.247423 0.180999 0.328395 0.162608 0.287864 0.262935 0.109041 ;
0.086829 0.293822 0.096852 0.181960 0.138354 0.162183 0.210681 0.909088 0.108428 0.122631 0.128818 0.091548 0.223410 0.247591 0.180928 0.328714 0.162696 0.288212 0.263122 0.109190 ;
];
X_settling = [];
X_settling_pattern = [];
