X = [0.586591 0.467690 0.258470 0.581239 0.658825 0.455459 0.415530 0.599807 0.831858 0.696342 0.459985 0.441049 0.734605 0.418972 0.502700 0.516159 0.499486 0.084606 0.233524 0.546967 ;
0.875939 0.469484 0.512038 0.584125 0.584417 0.495174 0.438498 0.599482 0.912024 0.733193 0.459985 0.272445 0.745528 0.427631 0.500955 0.116252 0.528236 0.896205 0.237616 0.491764 ;
0.527853 0.466120 0.482452 0.581244 0.647091 0.488503 0.473087 0.576552 0.869506 0.708948 0.464539 0.404564 0.745528 0.335379 0.508321 0.592806 0.491583 0.400627 0.240004 0.540466 ;
0.580986 0.473395 0.477379 0.584125 0.544586 0.486701 0.120715 0.599807 0.841053 0.679770 0.459985 0.436569 0.745528 0.279169 0.500955 0.523669 0.481840 0.438589 0.251783 0.513195 ;
0.527853 0.466120 0.491599 0.584125 0.594062 0.496919 0.230018 0.575426 0.399409 0.887485 0.509695 0.403262 0.645944 0.461712 0.502235 0.592806 0.507725 0.532043 0.423693 0.511670 ;
0.636007 0.414490 0.549714 0.579617 0.578400 0.488526 0.576652 0.583564 0.461338 0.885574 0.509695 0.473096 0.655859 0.480507 0.508557 0.448459 0.524417 0.520804 0.387114 0.542014 ;
0.875939 0.449553 0.530492 0.584125 0.605833 0.491803 0.576008 0.585477 0.535436 0.855036 0.507513 0.249306 0.645944 0.453811 0.500955 0.116252 0.479511 0.880755 0.442636 0.517929 ;
0.636628 0.466196 0.292991 0.570583 0.622283 0.455459 0.595794 0.599279 0.520713 0.875918 0.509695 0.399619 0.660302 0.451873 0.501617 0.447594 0.504545 0.104957 0.442636 0.555688 ;
0.527853 0.415210 0.852266 0.584125 0.109754 0.496919 0.370512 0.463064 0.441031 0.824114 0.460612 0.478858 0.652485 0.456283 0.500955 0.592806 0.481635 0.532043 0.428494 0.491764 ;
0.527853 0.476067 0.865993 0.584125 0.089607 0.496245 0.267879 0.421813 0.432356 0.858011 0.467645 0.623789 0.645944 0.926298 0.501349 0.592806 0.528751 0.520599 0.442636 0.494374 ;
0.567861 0.234669 0.867115 0.584125 0.106114 0.496919 0.392841 0.465848 0.325767 0.858590 0.470630 0.569269 0.645944 0.420003 0.502539 0.541103 0.510395 0.580040 0.442636 0.502255 ;
0.527853 0.482284 0.869904 0.530158 0.091052 0.495425 0.343294 0.421813 0.444370 0.856211 0.459985 0.408258 0.645944 0.467334 0.502656 0.592806 0.508572 0.506652 0.442636 0.503031 ;
0.627216 0.537372 0.465279 0.514708 0.667773 0.494754 0.691960 0.599807 0.527172 0.679770 0.459985 0.453043 0.664225 0.433434 0.502117 0.460678 0.111772 0.705012 0.442636 0.717000 ;
0.547792 0.319157 0.543061 0.584125 0.667773 0.490200 0.754027 0.597773 0.342462 0.737867 0.468584 0.535062 0.645944 0.384254 0.500955 0.567321 0.105868 0.544515 0.442636 0.716208 ;
0.527853 0.523891 0.495710 0.584125 0.667773 0.496919 0.686919 0.584595 0.434701 0.699088 0.462426 0.600246 0.645944 0.923185 0.500955 0.592806 0.146259 0.610767 0.442636 0.725261 ;
0.578531 0.537372 0.501034 0.584125 0.667773 0.491316 0.678460 0.563121 0.427023 0.755748 0.466649 0.438744 0.645944 0.353506 0.502653 0.526947 0.124881 0.598719 0.414175 0.734133 ;
];
X_settling = [];
X_settling_pattern = [];
