X = [0.258835 0.129808 0.156471 0.203472 0.126864 0.168226 0.152989 0.134823 0.136722 0.104923 0.157493 0.171986 0.152175 0.134225 0.160098 0.108578 0.103699 0.100319 0.085107 0.218732 ;
0.258993 0.129792 0.156477 0.203491 0.126849 0.168220 0.153000 0.134798 0.136720 0.104917 0.157502 0.171982 0.152161 0.134224 0.160087 0.108576 0.103693 0.100319 0.085108 0.218758 ;
0.259275 0.129761 0.156492 0.203531 0.126827 0.168208 0.153016 0.134744 0.136715 0.104903 0.157523 0.171980 0.152147 0.134224 0.160060 0.108572 0.103677 0.100317 0.085107 0.218853 ;
0.258977 0.129793 0.156476 0.203488 0.126850 0.168220 0.152999 0.134801 0.136720 0.104918 0.157501 0.171982 0.152162 0.134224 0.160088 0.108576 0.103694 0.100319 0.085108 0.218754 ;
0.258804 0.129810 0.156495 0.203471 0.126867 0.168231 0.152985 0.134818 0.136724 0.104923 0.157508 0.172004 0.152178 0.134216 0.160101 0.108569 0.103703 0.100306 0.085098 0.218721 ;
0.256374 0.130046 0.156704 0.203276 0.127154 0.168329 0.152781 0.135052 0.136745 0.104963 0.157589 0.172267 0.152485 0.134152 0.160226 0.108504 0.103781 0.100188 0.084992 0.218614 ;
0.258746 0.129809 0.156628 0.203488 0.126877 0.168246 0.152973 0.134774 0.136731 0.104913 0.157599 0.172101 0.152194 0.134171 0.160096 0.108525 0.103714 0.100239 0.085047 0.218721 ;
0.259209 0.129769 0.156483 0.203514 0.126826 0.168213 0.153015 0.134767 0.136718 0.104911 0.157513 0.171977 0.152139 0.134222 0.160073 0.108574 0.103687 0.100317 0.085108 0.218778 ;
0.255732 0.130136 0.156378 0.203113 0.127178 0.168335 0.152768 0.135312 0.136753 0.105028 0.157332 0.172066 0.152465 0.134241 0.160322 0.108606 0.103813 0.100334 0.085099 0.218263 ;
0.255708 0.130149 0.156262 0.203062 0.127162 0.168348 0.152781 0.135376 0.136767 0.105054 0.157236 0.171985 0.152429 0.134271 0.160360 0.108640 0.103822 0.100384 0.085137 0.218130 ;
0.255771 0.130158 0.156100 0.203015 0.127141 0.168362 0.152802 0.135436 0.136783 0.105083 0.157101 0.171867 0.152397 0.134322 0.160401 0.108692 0.103816 0.100460 0.085196 0.218066 ;
0.255488 0.130192 0.156053 0.202971 0.127167 0.168373 0.152785 0.135499 0.136788 0.105099 0.157057 0.171848 0.152416 0.134335 0.160429 0.108707 0.103826 0.100479 0.085209 0.218003 ;
0.256015 0.130107 0.156377 0.203140 0.127146 0.168327 0.152790 0.135272 0.136752 0.105021 0.157338 0.172052 0.152433 0.134242 0.160305 0.108606 0.103804 0.100336 0.085103 0.218289 ;
0.255421 0.130172 0.156348 0.203064 0.127203 0.168351 0.152750 0.135377 0.136761 0.105046 0.157297 0.172060 0.152482 0.134246 0.160355 0.108614 0.103830 0.100343 0.085104 0.218161 ;
0.255939 0.130115 0.156378 0.203131 0.127153 0.168331 0.152785 0.135284 0.136753 0.105024 0.157336 0.172056 0.152439 0.134240 0.160312 0.108605 0.103809 0.100334 0.085101 0.218269 ;
0.256009 0.130106 0.156389 0.203144 0.127149 0.168326 0.152788 0.135266 0.136751 0.105019 0.157348 0.172061 0.152438 0.134238 0.160302 0.108602 0.103804 0.100331 0.085098 0.218300 ;
];
X_settling = [];
X_settling_pattern = [];
