X = [0.134398 0.105915 0.154884 0.155009 0.129625 0.131204 0.142608 0.134254 0.115001 0.183277 0.537782 0.115288 0.081712 0.142952 0.101524 0.117876 0.149301 0.139690 0.137963 0.158774 ;
0.134362 0.106080 0.155304 0.153967 0.129597 0.131198 0.143120 0.134233 0.115041 0.184825 0.549678 0.115232 0.080911 0.142872 0.101409 0.117759 0.149281 0.139820 0.137881 0.159103 ;
0.134361 0.106083 0.155313 0.153945 0.129597 0.131198 0.143131 0.134232 0.115042 0.184857 0.549926 0.115230 0.080895 0.142870 0.101406 0.117756 0.149280 0.139823 0.137879 0.159110 ;
0.134395 0.105925 0.154910 0.154946 0.129623 0.131204 0.142639 0.134253 0.115004 0.183370 0.538505 0.115285 0.081663 0.142947 0.101517 0.117869 0.149300 0.139698 0.137958 0.158794 ;
0.134360 0.106089 0.155327 0.153910 0.129596 0.131197 0.143148 0.134231 0.115043 0.184910 0.550328 0.115228 0.080868 0.142868 0.101402 0.117752 0.149280 0.139827 0.137877 0.159121 ;
0.134361 0.106084 0.155317 0.153935 0.129597 0.131198 0.143135 0.134232 0.115042 0.184871 0.550035 0.115230 0.080887 0.142870 0.101405 0.117755 0.149280 0.139824 0.137879 0.159113 ;
0.134361 0.106083 0.155314 0.153943 0.129597 0.131198 0.143132 0.134232 0.115042 0.184860 0.549950 0.115230 0.080893 0.142870 0.101406 0.117756 0.149280 0.139823 0.137879 0.159110 ;
0.134397 0.105920 0.154896 0.154982 0.129624 0.131204 0.142622 0.134253 0.115003 0.183318 0.538103 0.115286 0.081690 0.142950 0.101520 0.117873 0.149301 0.139694 0.137961 0.158783 ;
0.134396 0.105925 0.154908 0.154951 0.129623 0.131204 0.142637 0.134253 0.115004 0.183364 0.538455 0.115285 0.081666 0.142948 0.101517 0.117869 0.149300 0.139697 0.137959 0.158792 ;
0.134397 0.105919 0.154895 0.154984 0.129624 0.131204 0.142620 0.134253 0.115002 0.183315 0.538076 0.115287 0.081692 0.142950 0.101521 0.117873 0.149301 0.139693 0.137961 0.158782 ;
0.134360 0.106089 0.155328 0.153908 0.129596 0.131197 0.143149 0.134231 0.115043 0.184911 0.550341 0.115228 0.080867 0.142868 0.101402 0.117752 0.149280 0.139827 0.137877 0.159121 ;
0.134397 0.105918 0.154891 0.154992 0.129625 0.131204 0.142616 0.134254 0.115002 0.183303 0.537982 0.115287 0.081698 0.142951 0.101522 0.117874 0.149301 0.139692 0.137962 0.158779 ;
0.134395 0.105926 0.154911 0.154942 0.129623 0.131204 0.142641 0.134253 0.115004 0.183376 0.538551 0.115284 0.081660 0.142947 0.101516 0.117869 0.149300 0.139698 0.137958 0.158795 ;
0.134360 0.106090 0.155332 0.153898 0.129596 0.131197 0.143154 0.134231 0.115044 0.184927 0.550456 0.115228 0.080859 0.142867 0.101401 0.117751 0.149279 0.139829 0.137876 0.159124 ;
0.134397 0.105919 0.154894 0.154986 0.129624 0.131204 0.142619 0.134253 0.115002 0.183312 0.538054 0.115287 0.081693 0.142950 0.101521 0.117873 0.149301 0.139693 0.137961 0.158781 ;
0.134398 0.105915 0.154884 0.155011 0.129625 0.131204 0.142607 0.134254 0.115001 0.183275 0.537768 0.115288 0.081713 0.142952 0.101524 0.117876 0.149301 0.139690 0.137963 0.158774 ;
];
X_settling = [];
X_settling_pattern = [];
