X = [0.586591 0.494096 0.131920 0.494521 0.877061 0.503201 0.215534 0.663181 0.816606 0.649831 0.454914 0.484230 0.560079 0.505974 0.809164 0.788767 0.848878 0.067794 0.222553 0.335685 ;
0.875939 0.217262 0.154459 0.665822 0.856473 0.609094 0.279795 0.721617 0.881179 0.736137 0.105543 0.272701 0.783527 0.433163 0.757131 0.016914 0.817597 0.810824 0.243992 0.172300 ;
0.527853 0.603156 0.288352 0.613099 0.837402 0.575537 0.264922 0.596061 0.920790 0.715255 0.771968 0.411642 0.166107 0.396653 0.854827 0.555224 0.791344 0.918432 0.259015 0.221294 ;
0.580986 0.796554 0.285595 0.479734 0.791540 0.488361 0.010864 0.740490 0.818968 0.715192 0.400120 0.454201 0.772548 0.792699 0.834789 0.642439 0.795375 0.421138 0.282408 0.184464 ;
0.527853 0.824070 0.479699 0.860798 0.743407 0.908843 0.055719 0.720799 0.209301 0.906695 0.440404 0.412682 0.571763 0.939552 0.505681 0.568107 0.199506 0.571590 0.047893 0.473669 ;
0.636007 0.562462 0.442568 0.810440 0.774126 0.907841 0.396504 0.597941 0.381910 0.881521 0.747021 0.484274 0.123334 0.834224 0.663493 0.499399 0.269098 0.965135 0.048913 0.533557 ;
0.875939 0.143064 0.333573 0.868874 0.843256 0.918468 0.484811 0.701846 0.300886 0.832298 0.141430 0.266103 0.626854 0.763437 0.513844 0.020633 0.216158 0.872488 0.077259 0.570750 ;
0.636628 0.414741 0.291403 0.786007 0.819930 0.893744 0.579610 0.606708 0.260691 0.831110 0.378332 0.480743 0.609825 0.669536 0.548593 0.729013 0.232144 0.112191 0.046182 0.630939 ;
0.527853 0.954649 0.845601 0.337784 0.115849 0.519351 0.338478 0.394555 0.349267 0.818412 0.053472 0.480367 0.979216 0.471207 0.400594 0.417628 0.760545 0.514009 0.882653 0.302975 ;
0.527853 0.602684 0.865993 0.306162 0.094067 0.769578 0.301690 0.426690 0.372531 0.865586 0.299278 0.624028 0.973510 0.935440 0.032270 0.412963 0.738301 0.030136 0.846506 0.280163 ;
0.567861 0.180689 0.857263 0.448137 0.124458 0.618124 0.317925 0.380888 0.308424 0.832252 0.191966 0.569269 0.956574 0.633358 0.381532 0.406417 0.625735 0.610226 0.697897 0.265663 ;
0.527853 0.290949 0.869904 0.316522 0.090962 0.527603 0.369823 0.403162 0.481225 0.856507 0.191088 0.536201 0.945935 0.461588 0.278615 0.451253 0.715393 0.464693 0.874665 0.335844 ;
0.627216 0.553814 0.619258 0.119763 0.939947 0.528712 0.628171 0.151996 0.271171 0.348420 0.611822 0.777246 0.099903 0.403120 0.360263 0.634182 0.040034 0.727936 0.442636 0.946181 ;
0.547792 0.515112 0.727768 0.192046 0.942996 0.599123 0.689552 0.114092 0.102152 0.358394 0.500280 0.719136 0.138584 0.429531 0.512643 0.602554 0.026575 0.535705 0.332575 0.948517 ;
0.527853 0.545759 0.705618 0.142383 0.925841 0.733533 0.683670 0.160590 0.168671 0.343991 0.753575 0.776006 0.160793 0.899966 0.051135 0.528672 0.066190 0.049410 0.454750 0.939471 ;
0.578531 0.989930 0.665486 0.171892 0.950954 0.573038 0.558116 0.160328 0.128789 0.411980 0.210076 0.644797 0.071466 0.372683 0.585814 0.584645 0.044561 0.755692 0.491059 0.944227 ;
];
X_settling = [];
X_settling_pattern = [];
