X = [0.023511 0.039676 0.599719 0.962922 0.029806 0.031911 0.046749 0.974304 0.949909 0.053440 0.029775 0.970854 0.045506 0.038851 0.808838 0.961402 0.030216 0.080530 0.973346 0.029346 ;
0.023999 0.960508 0.935575 0.966639 0.019102 0.062414 0.955451 0.027374 0.954573 0.033908 0.965699 0.968306 0.036372 0.026509 0.034193 0.935471 0.017129 0.077851 0.967105 0.019297 ;
0.018147 0.960430 0.882741 0.045110 0.023079 0.040227 0.046469 0.977065 0.966485 0.893540 0.965182 0.948753 0.029312 0.041967 0.036397 0.042663 0.023354 0.141666 0.966905 0.023926 ;
0.021958 0.944187 0.161494 0.033308 0.021777 0.071160 0.030237 0.021705 0.962781 0.967743 0.952949 0.966743 0.036727 0.034631 0.890506 0.948516 0.021224 0.456323 0.972181 0.021378 ;
0.982275 0.964783 0.083360 0.036668 0.023969 0.135713 0.043984 0.024910 0.977165 0.963609 0.957974 0.022337 0.037855 0.040062 0.916294 0.954244 0.023406 0.653459 0.024488 0.022986 ;
0.979060 0.975444 0.777686 0.049077 0.024736 0.074548 0.065045 0.980106 0.979568 0.880920 0.969574 0.014708 0.028224 0.045257 0.048577 0.049080 0.025080 0.254380 0.018725 0.025180 ;
0.983940 0.975981 0.869615 0.969304 0.020287 0.116296 0.968579 0.031882 0.972197 0.030113 0.969329 0.024576 0.036174 0.028300 0.043938 0.942441 0.018239 0.145576 0.019106 0.020083 ;
0.984436 0.061556 0.402021 0.963009 0.031367 0.058834 0.058092 0.976378 0.969257 0.050788 0.032916 0.025658 0.042810 0.039435 0.870040 0.969531 0.031933 0.150472 0.020662 0.030390 ;
0.174222 0.006144 0.889877 0.916248 0.884962 0.556443 0.955780 0.972457 0.019582 0.013387 0.030863 0.019999 0.899661 0.975153 0.017223 0.033087 0.922093 0.886603 0.976055 0.898991 ;
0.893793 0.013069 0.910053 0.906792 0.898822 0.038552 0.959576 0.869660 0.018417 0.017828 0.876990 0.018848 0.053623 0.972779 0.009928 0.025904 0.935148 0.908947 0.973461 0.917669 ;
0.032768 0.022715 0.861719 0.850309 0.874599 0.949127 0.977238 0.037356 0.015631 0.022486 0.961556 0.018565 0.935603 0.975564 0.010184 0.037501 0.910467 0.913245 0.976110 0.886525 ;
0.949539 0.010553 0.864124 0.921922 0.820131 0.903429 0.970840 0.066510 0.018079 0.013769 0.037206 0.012042 0.927482 0.973083 0.018593 0.061494 0.862116 0.896212 0.964710 0.800170 ;
0.964041 0.011784 0.015089 0.025413 0.920123 0.918638 0.020220 0.046970 0.023331 0.957889 0.041044 0.972890 0.947761 0.018927 0.057005 0.122400 0.928712 0.027433 0.012159 0.916881 ;
0.043555 0.025842 0.015493 0.013105 0.943781 0.955427 0.026767 0.027132 0.020346 0.971532 0.963832 0.982581 0.951118 0.020805 0.031733 0.075204 0.951840 0.032186 0.019318 0.952671 ;
0.934930 0.018085 0.024286 0.020331 0.950588 0.047701 0.015355 0.764755 0.026336 0.967224 0.898513 0.978663 0.069629 0.018143 0.033108 0.057143 0.960793 0.031744 0.014322 0.963309 ;
0.296607 0.007192 0.019938 0.023738 0.948699 0.604490 0.013015 0.956085 0.026389 0.955862 0.032986 0.982198 0.921330 0.020231 0.054039 0.066683 0.957822 0.024785 0.016997 0.957630 ;
];
X_settling = [];
X_settling_pattern = [];
