X = [0.234556 0.143068 0.144715 0.168644 0.116059 0.146109 0.155851 0.156129 0.149781 0.116542 0.142231 0.178404 0.116351 0.131166 0.170600 0.116560 0.108178 0.104028 0.091598 0.190008 ;
0.234496 0.143068 0.144714 0.168638 0.116069 0.146112 0.155844 0.156121 0.149782 0.116543 0.142227 0.178406 0.116358 0.131169 0.170603 0.116560 0.108175 0.104030 0.091598 0.190035 ;
0.234323 0.143072 0.144712 0.168621 0.116094 0.146120 0.155826 0.156112 0.149786 0.116548 0.142217 0.178411 0.116376 0.131173 0.170613 0.116562 0.108172 0.104034 0.091597 0.190081 ;
0.234075 0.143112 0.144704 0.168594 0.116108 0.146125 0.155813 0.156188 0.149789 0.116561 0.142206 0.178423 0.116381 0.131167 0.170639 0.116566 0.108194 0.104032 0.091593 0.189971 ;
0.234001 0.143119 0.144717 0.168586 0.116117 0.146133 0.155807 0.156184 0.149793 0.116567 0.142210 0.178435 0.116385 0.131162 0.170647 0.116559 0.108199 0.104023 0.091586 0.189963 ;
0.232614 0.143185 0.144855 0.168444 0.116312 0.146228 0.155668 0.156124 0.149835 0.116642 0.142231 0.178588 0.116496 0.131123 0.170759 0.116499 0.108237 0.103942 0.091498 0.190028 ;
0.234074 0.143104 0.144736 0.168593 0.116116 0.146136 0.155809 0.156145 0.149794 0.116566 0.142222 0.178441 0.116384 0.131159 0.170641 0.116551 0.108194 0.104014 0.091580 0.189999 ;
0.234274 0.143095 0.144709 0.168615 0.116087 0.146118 0.155829 0.156166 0.149786 0.116553 0.142217 0.178416 0.116368 0.131166 0.170623 0.116563 0.108189 0.104030 0.091595 0.189980 ;
0.231802 0.143335 0.144648 0.168359 0.116331 0.146194 0.155640 0.156512 0.149831 0.116654 0.142090 0.178518 0.116515 0.131161 0.170830 0.116592 0.108287 0.104048 0.091566 0.189696 ;
0.232588 0.143378 0.144516 0.168423 0.116178 0.146138 0.155746 0.156715 0.149826 0.116627 0.142041 0.178413 0.116413 0.131177 0.170810 0.116645 0.108301 0.104108 0.091629 0.189431 ;
0.233991 0.143159 0.144622 0.168584 0.116087 0.146105 0.155824 0.156328 0.149787 0.116558 0.142157 0.178385 0.116369 0.131181 0.170654 0.116602 0.108209 0.104074 0.091623 0.189842 ;
0.233538 0.143205 0.144601 0.168537 0.116128 0.146114 0.155791 0.156405 0.149794 0.116575 0.142129 0.178398 0.116394 0.131182 0.170691 0.116612 0.108227 0.104083 0.091622 0.189781 ;
0.231676 0.143353 0.144637 0.168346 0.116340 0.146196 0.155633 0.156546 0.149833 0.116659 0.142080 0.178520 0.116520 0.131161 0.170842 0.116597 0.108294 0.104053 0.091567 0.189663 ;
0.231783 0.143342 0.144642 0.168357 0.116329 0.146193 0.155640 0.156528 0.149832 0.116655 0.142086 0.178516 0.116514 0.131161 0.170833 0.116595 0.108290 0.104051 0.091568 0.189678 ;
0.231603 0.143362 0.144641 0.168338 0.116347 0.146200 0.155627 0.156556 0.149836 0.116664 0.142079 0.178526 0.116523 0.131159 0.170850 0.116596 0.108300 0.104049 0.091564 0.189645 ;
0.231524 0.143364 0.144644 0.168330 0.116359 0.146203 0.155619 0.156554 0.149837 0.116667 0.142077 0.178532 0.116531 0.131159 0.170855 0.116595 0.108300 0.104048 0.091561 0.189653 ;
];
X_settling = [];
X_settling_pattern = [];
