X = [0.349042 0.510180 0.119652 0.604847 0.763764 0.044219 0.954180 0.626247 0.405682 0.785814 0.376342 0.081771 0.906945 0.195202 0.958431 0.652194 0.963091 0.002911 0.206205 0.366132 ;
0.627304 0.068704 0.149647 0.512245 0.700325 0.049461 0.757495 0.659909 0.435196 0.689794 0.162292 0.029881 0.904949 0.379732 0.919675 0.539022 0.944330 0.259172 0.087831 0.202987 ;
0.522431 0.972268 0.137482 0.543079 0.662136 0.031484 0.353810 0.750943 0.603856 0.913248 0.780632 0.091455 0.018557 0.358375 0.969570 0.615363 0.966750 0.259579 0.270390 0.200232 ;
0.317839 0.688820 0.337302 0.493623 0.652024 0.052718 0.220880 0.463018 0.321525 0.755400 0.013148 0.041021 0.977280 0.965933 0.968054 0.804257 0.953739 0.078189 0.178414 0.194811 ;
0.455581 0.833320 0.446618 0.820938 0.759102 0.540416 0.228113 0.586487 0.146233 0.798535 0.016624 0.022012 0.954687 0.982134 0.522070 0.773211 0.034079 0.113143 0.025683 0.410320 ;
0.359520 0.971313 0.329513 0.771109 0.651951 0.310009 0.598309 0.779372 0.397189 0.918109 0.801524 0.044420 0.005781 0.729024 0.686807 0.597405 0.053951 0.332903 0.024634 0.346539 ;
0.421415 0.089994 0.331689 0.738553 0.791465 0.545264 0.873088 0.574207 0.290132 0.618626 0.101229 0.042597 0.863538 0.655571 0.387467 0.631131 0.029037 0.428573 0.034953 0.483374 ;
0.289176 0.342671 0.275813 0.839747 0.806705 0.273175 0.981915 0.573066 0.221773 0.757250 0.472538 0.056159 0.848478 0.203594 0.636644 0.668831 0.038013 0.010602 0.042162 0.639071 ;
0.555677 0.391170 0.869560 0.118087 0.098718 0.714799 0.346434 0.132407 0.280275 0.926774 0.231988 0.959061 0.610576 0.549545 0.405265 0.139016 0.729611 0.397339 0.866151 0.062771 ;
0.932057 0.409667 0.868197 0.178432 0.115455 0.818470 0.241440 0.109618 0.236442 0.946077 0.193091 0.962567 0.753304 0.967136 0.032905 0.044847 0.680050 0.024559 0.889297 0.051404 ;
0.027418 0.377637 0.835978 0.142812 0.122937 0.634934 0.406955 0.138917 0.141269 0.942474 0.116400 0.962332 0.696455 0.630935 0.369840 0.223029 0.516641 0.492219 0.768887 0.064600 ;
0.576292 0.418019 0.877407 0.151820 0.082566 0.068682 0.304898 0.124993 0.215458 0.944635 0.102429 0.967279 0.682120 0.206643 0.311420 0.258994 0.722427 0.441777 0.910083 0.053056 ;
0.576224 0.501614 0.749481 0.157426 0.819243 0.017570 0.979064 0.053441 0.286811 0.386864 0.653285 0.891663 0.073107 0.205911 0.323507 0.910486 0.144583 0.365287 0.943221 0.853667 ;
0.051931 0.435173 0.684491 0.098292 0.805338 0.602654 0.985974 0.042084 0.189829 0.296082 0.632655 0.915326 0.128096 0.604477 0.321656 0.848203 0.052713 0.382066 0.921820 0.859142 ;
0.934180 0.470003 0.630360 0.172494 0.832208 0.750150 0.963905 0.063287 0.300171 0.399325 0.756096 0.863983 0.154446 0.959212 0.026544 0.515526 0.117981 0.032548 0.935752 0.831151 ;
0.673742 0.674868 0.693996 0.100062 0.785422 0.655085 0.975493 0.051163 0.327360 0.370003 0.658093 0.879055 0.072532 0.594674 0.416052 0.798468 0.081738 0.262105 0.935512 0.787888 ;
];
X_settling = [];
X_settling_pattern = [];
