X = [0.189294 0.026391 0.060179 0.922066 0.974363 0.057735 0.910953 0.962555 0.968675 0.811919 0.987729 0.193231 0.899050 0.034156 0.942886 0.952989 0.961896 0.005841 0.171046 0.149639 ;
0.973955 0.017026 0.028024 0.977474 0.965159 0.085093 0.797406 0.974442 0.976034 0.767265 0.036905 0.055531 0.980990 0.294576 0.946642 0.022190 0.942152 0.808098 0.056240 0.062235 ;
0.382753 0.971831 0.038892 0.950905 0.931539 0.031347 0.245018 0.982754 0.992776 0.931772 0.938172 0.140249 0.017529 0.266566 0.986250 0.921717 0.963246 0.928606 0.082126 0.062498 ;
0.460073 0.900310 0.202753 0.933136 0.962379 0.050434 0.020660 0.950585 0.942880 0.814810 0.021955 0.125648 0.980218 0.940586 0.967951 0.844028 0.961578 0.015703 0.141118 0.026595 ;
0.449375 0.953590 0.075572 0.966180 0.853964 0.988898 0.079721 0.972052 0.072439 0.979394 0.019445 0.020377 0.983833 0.991000 0.284586 0.828066 0.040165 0.024728 0.015633 0.645739 ;
0.480375 0.980557 0.014861 0.979577 0.754322 0.979190 0.503764 0.991479 0.420202 0.994841 0.930550 0.027327 0.024049 0.825739 0.391058 0.941137 0.059313 0.974460 0.009000 0.730804 ;
0.966689 0.022633 0.030943 0.966992 0.877919 0.987860 0.939246 0.951442 0.113371 0.925732 0.026207 0.023879 0.978783 0.738617 0.189427 0.039753 0.021622 0.859485 0.019632 0.804488 ;
0.292824 0.009654 0.029940 0.947487 0.888276 0.969628 0.986422 0.962411 0.094275 0.969839 0.984814 0.073633 0.949915 0.081770 0.217103 0.934664 0.045767 0.032155 0.045320 0.899874 ;
0.855107 0.956767 0.940277 0.017423 0.007992 0.687304 0.038489 0.081258 0.052939 0.908212 0.014860 0.987601 0.973501 0.206495 0.939646 0.206670 0.983981 0.591445 0.988378 0.033317 ;
0.971414 0.468044 0.971589 0.012197 0.006801 0.838310 0.024708 0.125432 0.033223 0.942722 0.055267 0.993536 0.989317 0.947027 0.036413 0.049557 0.985496 0.022544 0.989608 0.047857 ;
0.683288 0.180556 0.913246 0.022360 0.006363 0.987382 0.040451 0.198160 0.026922 0.948969 0.049820 0.980778 0.982330 0.646642 0.065217 0.575649 0.964750 0.943706 0.978090 0.071909 ;
0.925854 0.039212 0.967758 0.013561 0.005502 0.064053 0.045395 0.114639 0.052480 0.958169 0.115526 0.992649 0.985344 0.136787 0.182734 0.248227 0.988203 0.805304 0.989704 0.079559 ;
0.970451 0.050065 0.973558 0.027417 0.975905 0.016410 0.972709 0.025878 0.094463 0.051767 0.886012 0.971024 0.012995 0.070131 0.358745 0.887639 0.023280 0.907628 0.983208 0.972984 ;
0.847209 0.402045 0.968293 0.017417 0.965654 0.971597 0.982607 0.015633 0.027528 0.037182 0.599862 0.958494 0.012875 0.273693 0.314294 0.941295 0.005993 0.888826 0.985267 0.980015 ;
0.982148 0.404048 0.977688 0.023073 0.971215 0.757971 0.962486 0.026347 0.063068 0.035169 0.736383 0.969584 0.020939 0.888602 0.051440 0.393717 0.020044 0.034293 0.981632 0.965067 ;
0.882616 0.992581 0.954318 0.027003 0.967354 0.626884 0.963324 0.019050 0.061759 0.066233 0.355441 0.928171 0.008634 0.098416 0.983276 0.848084 0.010576 0.491622 0.974823 0.961829 ;
];
X_settling = [];
X_settling_pattern = [];
