X = [0.673003 0.249754 0.059671 0.930293 0.933864 0.062887 0.232063 0.960821 0.968613 0.708285 0.888763 0.205509 0.816613 0.577977 0.944467 0.962735 0.839986 0.008297 0.216539 0.311427 ;
0.940417 0.028086 0.028647 0.978659 0.862016 0.083590 0.499394 0.969256 0.980729 0.741069 0.027837 0.122401 0.913856 0.314178 0.956952 0.029496 0.768160 0.769292 0.261023 0.128965 ;
0.377463 0.869752 0.126561 0.956576 0.846003 0.035728 0.276859 0.980579 0.993260 0.925692 0.782083 0.181838 0.170917 0.366335 0.987310 0.856278 0.815596 0.913635 0.288910 0.200236 ;
0.643015 0.925368 0.161880 0.950623 0.805672 0.038190 0.010864 0.956497 0.958564 0.802021 0.173781 0.097296 0.730571 0.961063 0.970105 0.762617 0.760792 0.420992 0.162965 0.107451 ;
0.488440 0.968439 0.517338 0.972785 0.753177 0.985894 0.082158 0.747472 0.088763 0.981045 0.078229 0.015186 0.644532 0.986628 0.311437 0.685906 0.202281 0.514813 0.028313 0.354448 ;
0.480507 0.843491 0.432585 0.982623 0.771029 0.983177 0.477194 0.905883 0.472588 0.994420 0.837046 0.059029 0.120065 0.795723 0.463199 0.827181 0.268868 0.981364 0.049588 0.453405 ;
0.898132 0.024000 0.171150 0.973375 0.844068 0.987149 0.738875 0.722979 0.137199 0.945727 0.039739 0.042820 0.791869 0.671818 0.254690 0.028068 0.177966 0.907101 0.072275 0.513489 ;
0.639353 0.070169 0.270226 0.955197 0.892679 0.985238 0.696886 0.679330 0.103550 0.953611 0.896773 0.074134 0.841848 0.655166 0.221735 0.915318 0.219291 0.022708 0.049540 0.598013 ;
0.735899 0.931211 0.937331 0.147067 0.108242 0.556750 0.185127 0.080023 0.221998 0.926511 0.028683 0.749285 0.973671 0.246874 0.960381 0.387613 0.884986 0.586601 0.975415 0.096091 ;
0.966059 0.470462 0.950672 0.126063 0.094562 0.743553 0.134802 0.121623 0.163793 0.955390 0.102399 0.788235 0.958537 0.958055 0.046273 0.411528 0.899337 0.033490 0.969129 0.107950 ;
0.682280 0.207503 0.950947 0.370003 0.089877 0.977183 0.188389 0.139363 0.125349 0.952390 0.111462 0.655061 0.958876 0.701526 0.238784 0.786336 0.790043 0.961162 0.941259 0.126218 ;
0.736454 0.039212 0.963235 0.128418 0.080632 0.485846 0.197794 0.148349 0.289048 0.953914 0.156717 0.820554 0.960124 0.505822 0.230362 0.514803 0.888395 0.507279 0.961017 0.148851 ;
0.801747 0.037835 0.848904 0.083077 0.929904 0.455797 0.635790 0.089315 0.300873 0.416770 0.878468 0.947084 0.011549 0.394141 0.363427 0.781452 0.036500 0.725842 0.682391 0.943915 ;
0.725612 0.385305 0.864483 0.104526 0.926561 0.967657 0.717786 0.034547 0.088452 0.419975 0.673622 0.898942 0.012990 0.310969 0.586678 0.872203 0.025896 0.918112 0.723004 0.942576 ;
0.960642 0.396032 0.827269 0.057347 0.925841 0.743083 0.691122 0.068110 0.161988 0.365824 0.744843 0.933063 0.015404 0.888602 0.054393 0.609483 0.071596 0.048980 0.772193 0.935745 ;
0.702633 0.989168 0.811458 0.081893 0.954451 0.596642 0.517332 0.048785 0.169625 0.505682 0.284987 0.837491 0.007964 0.129371 0.984228 0.675007 0.052646 0.637712 0.680978 0.916335 ;
];
X_settling = [];
X_settling_pattern = [];
