X = [0.053008 0.007411 0.828084 0.893844 0.773096 0.840659 0.886724 0.941806 0.026722 0.012286 0.037561 0.011667 0.935147 0.937503 0.022008 0.039471 0.845841 0.595396 0.928982 0.851307 ;
0.153132 0.772027 0.784173 0.914983 0.083482 0.173813 0.965238 0.023489 0.407641 0.031896 0.969869 0.125873 0.088284 0.076649 0.016394 0.341915 0.047537 0.131764 0.144985 0.063558 ;
0.021249 0.676145 0.736560 0.078827 0.068506 0.153731 0.071850 0.955423 0.509420 0.413954 0.949196 0.376071 0.050467 0.095344 0.022553 0.018272 0.043152 0.176845 0.675950 0.063995 ;
0.027504 0.010480 0.023197 0.024838 0.758533 0.941651 0.051408 0.025349 0.020794 0.633335 0.942007 0.688997 0.921428 0.052780 0.035814 0.063645 0.919094 0.042332 0.041617 0.877914 ;
0.435876 0.854493 0.044635 0.032766 0.064511 0.192172 0.069782 0.022087 0.665652 0.778851 0.948262 0.045190 0.061117 0.052277 0.870403 0.733569 0.032413 0.510559 0.031285 0.034107 ;
0.027506 0.010487 0.023225 0.024864 0.758419 0.941624 0.051466 0.025345 0.020805 0.633156 0.941995 0.688621 0.921369 0.052848 0.035815 0.063653 0.918980 0.042382 0.041649 0.877802 ;
0.415344 0.893792 0.786555 0.936351 0.054810 0.165938 0.965489 0.033027 0.616138 0.041254 0.970452 0.052847 0.064059 0.046990 0.026274 0.510549 0.027017 0.133142 0.032567 0.034882 ;
0.052992 0.007410 0.828078 0.893842 0.773123 0.840736 0.886732 0.941778 0.026719 0.012287 0.037580 0.011666 0.935178 0.937510 0.022006 0.039469 0.845868 0.595418 0.928984 0.851336 ;
0.052995 0.007409 0.828080 0.893846 0.773124 0.840726 0.886733 0.941785 0.026719 0.012287 0.037576 0.011666 0.935175 0.937511 0.022006 0.039469 0.845869 0.595418 0.928985 0.851337 ;
0.023712 0.011350 0.798019 0.828045 0.736059 0.934360 0.941986 0.028483 0.022621 0.018518 0.948070 0.010621 0.909745 0.939554 0.013669 0.047774 0.806930 0.655971 0.936654 0.847733 ;
0.023717 0.011297 0.797994 0.828111 0.736804 0.934601 0.942046 0.028505 0.022534 0.018525 0.948032 0.010612 0.910158 0.939770 0.013648 0.047712 0.807816 0.656417 0.936763 0.848536 ;
0.023724 0.011346 0.797967 0.828096 0.736045 0.934368 0.941954 0.028523 0.022617 0.018512 0.947880 0.010623 0.909812 0.939530 0.013677 0.047789 0.806917 0.655854 0.936615 0.847705 ;
0.027508 0.010487 0.023226 0.024870 0.758410 0.941627 0.051469 0.025351 0.020804 0.633121 0.941954 0.688606 0.921381 0.052849 0.035817 0.063656 0.918975 0.042379 0.041648 0.877791 ;
0.027498 0.010454 0.023104 0.024751 0.758905 0.941742 0.051218 0.025361 0.020759 0.633919 0.942047 0.690219 0.921620 0.052556 0.035813 0.063619 0.919467 0.042168 0.041513 0.878283 ;
0.027504 0.010480 0.023199 0.024839 0.758523 0.941648 0.051412 0.025348 0.020795 0.633324 0.942007 0.688971 0.921421 0.052784 0.035815 0.063646 0.919085 0.042335 0.041619 0.877905 ;
0.049690 0.006668 0.029733 0.046713 0.793723 0.884252 0.029246 0.911595 0.023915 0.534110 0.046364 0.684146 0.951478 0.054305 0.054549 0.052486 0.937390 0.034055 0.037688 0.881574 ;
];
X_settling = [];
X_settling_pattern = [];
