X = [0.527853 0.576465 0.454938 0.540915 0.737135 0.496919 0.783924 0.577143 0.429888 0.679770 0.459985 0.465675 0.638880 0.685051 0.500531 0.603760 0.528751 0.533095 0.442636 0.491764 ;
0.527853 0.443588 0.278041 0.584125 0.674576 0.496919 0.516288 0.694074 0.429888 0.679770 0.459985 0.441388 0.630737 0.579270 0.500048 0.593013 0.528751 0.532043 0.442636 0.491764 ;
0.527853 0.855882 0.448208 0.584125 0.667773 0.496919 0.454258 0.570330 0.429888 0.679770 0.459985 0.464729 0.645944 0.581584 0.500955 0.596414 0.528751 0.532752 0.442636 0.491764 ;
0.527853 0.451411 0.524899 0.563090 0.667773 0.496919 0.132617 0.531004 0.429888 0.679770 0.459985 0.480397 0.612741 0.850224 0.498993 0.654983 0.528751 0.532043 0.442636 0.491764 ;
0.527853 0.549215 0.499982 0.572943 0.679180 0.496919 0.182239 0.599807 0.429888 0.679770 0.459985 0.441388 0.645944 0.826874 0.500955 0.655151 0.528751 0.532043 0.442636 0.491764 ;
0.527853 0.851793 0.483537 0.584125 0.667773 0.496919 0.503003 0.622774 0.429888 0.679770 0.459985 0.444976 0.645944 0.519361 0.500955 0.606347 0.527712 0.532043 0.442636 0.491764 ;
0.527853 0.449178 0.273950 0.558407 0.667773 0.496919 0.495765 0.623813 0.429888 0.679770 0.459985 0.482346 0.605359 0.411816 0.498566 0.605424 0.528244 0.532043 0.442636 0.491764 ;
0.527853 0.496487 0.450569 0.524947 0.727062 0.496919 0.798152 0.602249 0.429888 0.679770 0.459985 0.461466 0.645605 0.470904 0.500935 0.593927 0.528751 0.533883 0.442636 0.491764 ;
0.527853 0.370263 0.729732 0.584125 0.667773 0.496919 0.503003 0.599807 0.429888 0.679770 0.459985 0.441388 0.645944 0.527290 0.500955 0.611508 0.527727 0.545870 0.442636 0.491764 ;
0.527853 0.398814 0.733902 0.584125 0.667773 0.496919 0.403175 0.555276 0.429888 0.679770 0.459985 0.441388 0.600272 0.961416 0.498274 0.592806 0.528751 0.545477 0.442636 0.491764 ;
0.527853 0.486750 0.734077 0.584125 0.675135 0.496919 0.543263 0.573859 0.429888 0.679770 0.459985 0.444931 0.613579 0.478447 0.499042 0.609585 0.523424 0.545870 0.442636 0.491764 ;
0.527853 0.477927 0.679726 0.584125 0.667773 0.496919 0.499184 0.526988 0.429888 0.679770 0.459985 0.441388 0.570809 0.530773 0.496601 0.600858 0.528751 0.544091 0.442636 0.491764 ;
0.527853 0.541572 0.463915 0.355470 0.668132 0.496919 0.461375 0.119669 0.429888 0.679770 0.459985 0.667097 0.312007 0.597366 0.481790 0.704041 0.528751 0.532043 0.442636 0.491764 ;
0.527853 0.466120 0.471117 0.349315 0.669317 0.496919 0.511427 0.111008 0.429888 0.679770 0.459985 0.667097 0.312007 0.482655 0.481790 0.708708 0.524254 0.532519 0.442636 0.491764 ;
0.527853 0.466120 0.442770 0.339129 0.667773 0.496919 0.461573 0.169836 0.429888 0.679770 0.459985 0.619670 0.371260 0.950394 0.485421 0.694657 0.528751 0.532043 0.442636 0.491764 ;
0.527853 0.575944 0.527675 0.339129 0.674276 0.496919 0.492007 0.114236 0.429888 0.679770 0.459985 0.667097 0.312007 0.523382 0.481790 0.694369 0.528751 0.532043 0.442636 0.491764 ;
];
X_settling = [];
X_settling_pattern = [];
