X = [0.124432 0.125341 0.138467 0.130488 0.152576 0.141605 0.150374 0.098744 0.148810 0.120967 0.165409 0.174203 0.156788 0.160625 0.126583 0.108871 0.158255 0.133009 0.144334 0.130141 ;
0.124435 0.125351 0.138467 0.130476 0.152576 0.141605 0.150372 0.098742 0.148805 0.120969 0.165405 0.174208 0.156774 0.160610 0.126580 0.108872 0.158335 0.133007 0.144319 0.130134 ;
0.124435 0.125361 0.138467 0.130476 0.152572 0.141607 0.150374 0.098734 0.148806 0.120971 0.165398 0.174192 0.156773 0.160608 0.126579 0.108872 0.158327 0.133006 0.144314 0.130138 ;
0.124404 0.125395 0.138440 0.130443 0.152535 0.141609 0.150383 0.098765 0.148775 0.120962 0.165512 0.174193 0.156891 0.160792 0.126543 0.108857 0.158648 0.133022 0.144514 0.130108 ;
0.124438 0.125352 0.138469 0.130488 0.152581 0.141610 0.150372 0.098736 0.148816 0.120973 0.165382 0.174211 0.156763 0.160589 0.126589 0.108875 0.158213 0.133006 0.144292 0.130145 ;
0.124440 0.125364 0.138470 0.130439 0.152574 0.141597 0.150366 0.098732 0.148787 0.120970 0.165409 0.174190 0.156748 0.160583 0.126563 0.108872 0.158620 0.133003 0.144295 0.130114 ;
0.124439 0.125348 0.138471 0.130478 0.152582 0.141606 0.150370 0.098735 0.148810 0.120972 0.165387 0.174208 0.156757 0.160582 0.126585 0.108874 0.158300 0.133005 0.144288 0.130138 ;
0.124439 0.125352 0.138470 0.130471 0.152579 0.141604 0.150370 0.098736 0.148805 0.120971 0.165395 0.174204 0.156759 0.160588 0.126580 0.108873 0.158361 0.133005 0.144296 0.130133 ;
0.124439 0.125435 0.138450 0.130477 0.152570 0.141661 0.150373 0.098709 0.148848 0.121015 0.165304 0.174222 0.156744 0.160580 0.126603 0.108886 0.158074 0.133003 0.144232 0.130159 ;
0.124432 0.125334 0.138444 0.130485 0.152602 0.141659 0.150350 0.098793 0.148861 0.121015 0.165363 0.174393 0.156769 0.160611 0.126621 0.108898 0.158050 0.133022 0.144284 0.130111 ;
0.124442 0.125382 0.138466 0.130455 0.152574 0.141617 0.150368 0.098724 0.148810 0.120984 0.165374 0.174205 0.156749 0.160574 0.126579 0.108875 0.158419 0.133002 0.144270 0.130130 ;
0.124439 0.125326 0.138472 0.130617 0.152603 0.141643 0.150388 0.098739 0.148897 0.120987 0.165287 0.174258 0.156778 0.160567 0.126661 0.108884 0.157133 0.133008 0.144240 0.130228 ;
0.124445 0.125315 0.138477 0.130617 0.152618 0.141638 0.150383 0.098736 0.148899 0.120987 0.165269 0.174285 0.156750 0.160524 0.126668 0.108887 0.157121 0.133006 0.144201 0.130228 ;
0.124461 0.125344 0.138486 0.130541 0.152636 0.141619 0.150364 0.098723 0.148867 0.120991 0.165262 0.174340 0.156671 0.160428 0.126647 0.108889 0.157672 0.132998 0.144115 0.130183 ;
0.124460 0.125246 0.138484 0.130577 0.152664 0.141626 0.150355 0.098739 0.148888 0.120989 0.165252 0.174405 0.156680 0.160422 0.126677 0.108898 0.157368 0.133006 0.144122 0.130199 ;
0.124460 0.125324 0.138487 0.130582 0.152643 0.141627 0.150368 0.098726 0.148889 0.120992 0.165240 0.174350 0.156680 0.160427 0.126668 0.108892 0.157345 0.133000 0.144111 0.130208 ;
];
X_settling = [];
X_settling_pattern = [];
