X = [0.046084 0.009314 0.064491 0.973029 0.953625 0.061640 0.027721 0.043006 0.075751 0.131834 0.024905 0.036895 0.862767 0.016850 0.309898 0.060096 0.074517 0.040240 0.999343 0.821853 ;
0.040504 0.008508 0.039805 0.973042 0.968024 0.048738 0.025659 0.048293 0.072858 0.119482 0.032903 0.034944 0.066018 0.028276 0.311179 0.054553 0.070948 0.034600 0.999175 0.815225 ;
0.046087 0.009314 0.064497 0.973029 0.953615 0.061645 0.027721 0.043007 0.075751 0.131838 0.024907 0.036895 0.862857 0.016849 0.309897 0.060100 0.074517 0.040242 0.999343 0.821849 ;
0.046084 0.009314 0.064491 0.973029 0.953626 0.061640 0.027721 0.043006 0.075751 0.131833 0.024905 0.036895 0.862762 0.016850 0.309898 0.060096 0.074517 0.040240 0.999343 0.821853 ;
0.046077 0.009313 0.064487 0.973030 0.953648 0.061633 0.027720 0.043003 0.075752 0.131828 0.024905 0.036894 0.862715 0.016849 0.309902 0.060088 0.074516 0.040233 0.999343 0.821865 ;
0.040490 0.008503 0.039796 0.973044 0.968032 0.048718 0.025651 0.048297 0.072855 0.119473 0.032952 0.034935 0.065863 0.028281 0.311186 0.054542 0.070934 0.034588 0.999175 0.815257 ;
0.040395 0.008475 0.039736 0.973055 0.968087 0.048582 0.025595 0.048327 0.072831 0.119411 0.033287 0.034880 0.064841 0.028315 0.311230 0.054463 0.070835 0.034507 0.999170 0.815467 ;
0.040510 0.008509 0.039809 0.973042 0.968021 0.048748 0.025663 0.048290 0.072860 0.119485 0.032880 0.034947 0.066085 0.028274 0.311177 0.054558 0.070955 0.034605 0.999176 0.815210 ;
0.040499 0.008500 0.039806 0.973048 0.968052 0.048719 0.025657 0.048304 0.072860 0.119411 0.032914 0.034935 0.065969 0.028276 0.311248 0.054534 0.070946 0.034594 0.999175 0.815295 ;
0.040492 0.008504 0.039798 0.973043 0.968030 0.048722 0.025653 0.048296 0.072855 0.119475 0.032943 0.034937 0.065892 0.028280 0.311185 0.054544 0.070936 0.034590 0.999175 0.815251 ;
0.040482 0.008501 0.039791 0.973045 0.968036 0.048707 0.025646 0.048300 0.072853 0.119468 0.032979 0.034931 0.065778 0.028284 0.311189 0.054535 0.070926 0.034581 0.999174 0.815274 ;
0.040480 0.008489 0.039751 0.973054 0.968084 0.048675 0.025638 0.048357 0.072853 0.119360 0.033069 0.034912 0.065260 0.028304 0.311392 0.054515 0.070917 0.034561 0.999172 0.815599 ;
0.046076 0.009314 0.064475 0.973030 0.953655 0.061626 0.027721 0.043006 0.075751 0.131820 0.024901 0.036894 0.862495 0.016853 0.309901 0.060086 0.074516 0.040232 0.999343 0.821863 ;
0.046085 0.009314 0.064497 0.973029 0.953621 0.061643 0.027721 0.043005 0.075752 0.131838 0.024907 0.036895 0.862875 0.016848 0.309899 0.060097 0.074517 0.040240 0.999343 0.821854 ;
0.046090 0.009314 0.064507 0.973029 0.953599 0.061652 0.027721 0.043006 0.075751 0.131846 0.024909 0.036895 0.863029 0.016846 0.309896 0.060105 0.074517 0.040246 0.999343 0.821845 ;
0.046089 0.009314 0.064502 0.973029 0.953604 0.061649 0.027721 0.043007 0.075751 0.131843 0.024908 0.036895 0.862944 0.016848 0.309896 0.060103 0.074517 0.040245 0.999343 0.821846 ;
];
X_settling = [];
X_settling_pattern = [];
