X = [0.970455 0.085158 0.038367 0.042911 0.658461 0.031837 0.076163 0.943757 0.025875 0.025923 0.936266 0.012531 0.360820 0.872144 0.025796 0.882493 0.719394 0.760956 0.883475 0.883836 ;
0.965554 0.076052 0.030746 0.954142 0.032962 0.023002 0.954027 0.972776 0.033024 0.024576 0.920338 0.052497 0.055419 0.343113 0.024591 0.963541 0.097870 0.864684 0.940291 0.929149 ;
0.020115 0.939778 0.020621 0.937165 0.096008 0.024280 0.919400 0.960855 0.031577 0.022188 0.942186 0.031033 0.091935 0.744677 0.022324 0.944994 0.624578 0.863899 0.859298 0.963288 ;
0.021355 0.023833 0.042721 0.971451 0.784279 0.025818 0.056946 0.974138 0.038994 0.027649 0.954858 0.062810 0.936855 0.968688 0.028536 0.917495 0.037878 0.852190 0.883448 0.952332 ;
0.022897 0.026614 0.967945 0.975880 0.792402 0.031659 0.054590 0.056454 0.045522 0.031924 0.975775 0.863974 0.895740 0.546358 0.033078 0.028397 0.022716 0.039130 0.028170 0.963948 ;
0.023192 0.942071 0.929690 0.953520 0.086814 0.028312 0.923287 0.037159 0.035160 0.024384 0.966455 0.770818 0.042663 0.076638 0.024546 0.044931 0.486496 0.044196 0.024199 0.973293 ;
0.965507 0.090335 0.956060 0.962372 0.033995 0.027713 0.954902 0.055801 0.037800 0.027823 0.958247 0.836639 0.035512 0.022176 0.027892 0.063423 0.063182 0.042469 0.055918 0.950208 ;
0.972754 0.113552 0.946192 0.056182 0.610530 0.033650 0.085091 0.026636 0.026034 0.025688 0.963157 0.564865 0.144505 0.139527 0.025552 0.025608 0.610464 0.026830 0.031581 0.922430 ;
0.039623 0.973359 0.942661 0.139105 0.017347 0.888069 0.970432 0.950252 0.948743 0.922577 0.039528 0.112980 0.970629 0.980937 0.946086 0.024079 0.176289 0.022995 0.945702 0.050433 ;
0.039748 0.973354 0.942683 0.138477 0.017365 0.888306 0.970397 0.950035 0.948832 0.922748 0.039454 0.113012 0.970630 0.980939 0.946209 0.024063 0.176969 0.022985 0.945706 0.050209 ;
0.039704 0.973358 0.942677 0.138625 0.017362 0.888246 0.970405 0.950082 0.948809 0.922704 0.039476 0.113012 0.970628 0.980939 0.946178 0.024068 0.176897 0.022989 0.945706 0.050237 ;
0.932504 0.941803 0.925985 0.030277 0.015081 0.924926 0.965283 0.046984 0.963985 0.947441 0.028503 0.053384 0.966902 0.974728 0.963428 0.018804 0.049852 0.018251 0.937807 0.879580 ;
0.916281 0.959922 0.015826 0.069486 0.700173 0.958606 0.038674 0.044973 0.973307 0.972502 0.021840 0.505465 0.027134 0.019325 0.971739 0.925466 0.043932 0.905079 0.026121 0.880282 ;
0.028852 0.980909 0.022197 0.384369 0.742325 0.937186 0.048539 0.955292 0.964653 0.959250 0.035546 0.733084 0.030003 0.022811 0.958365 0.947585 0.136045 0.931723 0.025865 0.056509 ;
0.028857 0.980910 0.022197 0.384216 0.742332 0.937196 0.048529 0.955286 0.964656 0.959257 0.035537 0.733055 0.030004 0.022813 0.958372 0.947578 0.136073 0.931716 0.025867 0.056492 ;
0.028778 0.980896 0.022195 0.386398 0.742322 0.937084 0.048625 0.955382 0.964636 0.959181 0.035667 0.733525 0.029985 0.022782 0.958291 0.947685 0.135681 0.931837 0.025834 0.056732 ;
];
X_settling = [];
X_settling_pattern = [];
