X = [0.349042 0.510180 0.120039 0.610999 0.756092 0.043480 0.954180 0.626247 0.405682 0.811617 0.376342 0.082532 0.853681 0.194732 0.958897 0.652194 0.849920 0.002911 0.245135 0.594033 ;
0.627273 0.068704 0.149647 0.569321 0.690672 0.048938 0.757495 0.659909 0.435196 0.689794 0.162292 0.028683 0.843675 0.374293 0.919675 0.539022 0.792416 0.259172 0.196265 0.475980 ;
0.521852 0.972268 0.137482 0.510719 0.657159 0.031229 0.353810 0.750943 0.603856 0.920111 0.780632 0.091455 0.145713 0.358375 0.969570 0.615363 0.888690 0.259579 0.241743 0.476636 ;
0.317839 0.688820 0.342096 0.531079 0.652024 0.048113 0.220880 0.463018 0.321525 0.765631 0.013148 0.037358 0.960895 0.965844 0.970105 0.804257 0.839817 0.078189 0.194773 0.446038 ;
0.454241 0.833320 0.451225 0.527680 0.759102 0.521594 0.228113 0.586487 0.146233 0.760269 0.016624 0.022116 0.954351 0.982134 0.536929 0.773211 0.177808 0.113143 0.022369 0.420974 ;
0.359520 0.971313 0.330517 0.510191 0.649176 0.310009 0.598309 0.779372 0.397189 0.919241 0.801524 0.044420 0.123720 0.727914 0.689927 0.597405 0.215311 0.332903 0.027641 0.422227 ;
0.421415 0.089994 0.332627 0.465379 0.791465 0.540342 0.873088 0.574207 0.290132 0.680052 0.101229 0.038017 0.863538 0.650323 0.390687 0.631131 0.159973 0.428573 0.076698 0.483374 ;
0.289176 0.342671 0.275888 0.592081 0.806705 0.273144 0.981915 0.573066 0.221773 0.780844 0.472538 0.057515 0.840149 0.202680 0.636921 0.668831 0.215023 0.010602 0.056584 0.555486 ;
0.552687 0.391170 0.869560 0.263541 0.097429 0.714799 0.346434 0.132407 0.280275 0.841377 0.231988 0.959061 0.757381 0.549545 0.405265 0.139016 0.716151 0.397339 0.731288 0.067680 ;
0.932057 0.409667 0.868197 0.312100 0.094999 0.812727 0.241440 0.109618 0.236442 0.856535 0.193091 0.957466 0.753304 0.967136 0.032905 0.044847 0.741427 0.024559 0.722152 0.051404 ;
0.027322 0.377637 0.836492 0.220786 0.122937 0.631476 0.406955 0.138917 0.141269 0.850920 0.116400 0.958859 0.716516 0.630462 0.372648 0.223029 0.618336 0.492219 0.609390 0.062149 ;
0.575025 0.418019 0.877407 0.327508 0.081103 0.066505 0.304898 0.124993 0.215458 0.860725 0.102429 0.959705 0.682120 0.206643 0.311420 0.258994 0.722427 0.441777 0.766067 0.053056 ;
0.559296 0.501614 0.750175 0.157426 0.815642 0.015059 0.979064 0.053441 0.286811 0.743646 0.653285 0.760689 0.111766 0.205073 0.326105 0.910486 0.144583 0.365287 0.953265 0.853417 ;
0.048457 0.435173 0.685243 0.078607 0.804931 0.566425 0.985974 0.042084 0.189829 0.659148 0.632655 0.806838 0.149839 0.604236 0.324094 0.848203 0.072247 0.382066 0.923891 0.858095 ;
0.930064 0.470003 0.630859 0.162782 0.799549 0.725387 0.963905 0.063287 0.300171 0.685254 0.756096 0.746050 0.161319 0.959212 0.026722 0.515526 0.128283 0.032548 0.929554 0.831151 ;
0.660213 0.674868 0.694885 0.084208 0.785422 0.618743 0.975493 0.051163 0.327360 0.729743 0.658093 0.737832 0.147414 0.594052 0.419314 0.798468 0.087556 0.262105 0.927588 0.808237 ;
];
X_settling = [];
X_settling_pattern = [];
