X = [0.055723 0.011675 0.164995 0.998829 0.030111 0.027439 0.008491 0.048902 0.048160 0.010685 0.006563 0.013974 0.997764 0.024419 0.990546 0.031250 0.041870 0.008142 0.999915 0.062069 ;
0.055724 0.011675 0.164995 0.998829 0.030109 0.027439 0.008491 0.048903 0.048160 0.010685 0.006563 0.013974 0.997764 0.024419 0.990546 0.031249 0.041870 0.008142 0.999915 0.062066 ;
0.055697 0.011675 0.165024 0.998828 0.030176 0.027434 0.008489 0.048882 0.048153 0.010687 0.006562 0.013970 0.997764 0.024420 0.990539 0.031265 0.041848 0.008141 0.999915 0.062162 ;
0.055835 0.011689 0.164994 0.998831 0.029847 0.027473 0.008498 0.048975 0.048186 0.010683 0.006567 0.013996 0.997765 0.024422 0.990564 0.031230 0.041978 0.008153 0.999915 0.061747 ;
0.014061 0.005659 0.196707 0.996632 0.995095 0.015388 0.005217 0.014576 0.045001 0.019727 0.006691 0.014516 0.991821 0.015775 0.928270 0.045181 0.009162 0.004553 0.999858 0.917686 ;
0.014053 0.005649 0.196652 0.996636 0.995108 0.015376 0.005215 0.014573 0.044991 0.019717 0.006688 0.014503 0.991813 0.015770 0.928314 0.045120 0.009151 0.004547 0.999858 0.917773 ;
0.015886 0.003615 0.034120 0.995849 0.997323 0.012910 0.014633 0.015085 0.047152 0.035829 0.034747 0.018077 0.052945 0.028332 0.722255 0.026843 0.002682 0.003668 0.999945 0.953302 ;
0.015886 0.003615 0.034117 0.995849 0.997323 0.012910 0.014632 0.015085 0.047151 0.035825 0.034737 0.018075 0.052970 0.028330 0.722287 0.026842 0.002682 0.003668 0.999945 0.953301 ;
0.015886 0.003615 0.034112 0.995848 0.997323 0.012909 0.014630 0.015085 0.047150 0.035820 0.034721 0.018072 0.053003 0.028328 0.722339 0.026841 0.002682 0.003668 0.999945 0.953300 ;
0.014053 0.005650 0.196651 0.996636 0.995108 0.015377 0.005216 0.014573 0.044990 0.019719 0.006689 0.014505 0.991812 0.015770 0.928307 0.045121 0.009151 0.004548 0.999858 0.917769 ;
0.014059 0.005650 0.196857 0.996638 0.995102 0.015374 0.005212 0.014575 0.044996 0.019709 0.006682 0.014487 0.991849 0.015771 0.928428 0.045125 0.009155 0.004549 0.999858 0.917682 ;
0.014054 0.005649 0.196659 0.996636 0.995108 0.015376 0.005215 0.014573 0.044992 0.019716 0.006688 0.014501 0.991815 0.015770 0.928319 0.045121 0.009151 0.004547 0.999858 0.917764 ;
0.055776 0.011684 0.165025 0.998829 0.030000 0.027459 0.008495 0.048934 0.048172 0.010685 0.006565 0.013985 0.997765 0.024422 0.990551 0.031252 0.041924 0.008148 0.999915 0.061938 ;
0.055768 0.011681 0.164919 0.998829 0.030035 0.027457 0.008497 0.048932 0.048170 0.010686 0.006567 0.013986 0.997761 0.024421 0.990546 0.031240 0.041896 0.008148 0.999915 0.061965 ;
0.055735 0.011677 0.164953 0.998829 0.030098 0.027445 0.008494 0.048910 0.048163 0.010686 0.006564 0.013978 0.997762 0.024421 0.990544 0.031249 0.041874 0.008144 0.999915 0.062050 ;
0.055762 0.011684 0.165036 0.998829 0.030047 0.027459 0.008495 0.048924 0.048170 0.010687 0.006564 0.013983 0.997764 0.024422 0.990545 0.031266 0.041912 0.008148 0.999915 0.061996 ;
];
X_settling = [];
X_settling_pattern = [];
