X = [0.113176 0.264974 0.094403 0.184418 0.144636 0.158654 0.204827 0.888901 0.113221 0.114867 0.139231 0.098610 0.247996 0.203481 0.182823 0.257372 0.138810 0.136925 0.262904 0.105723 ;
0.113263 0.264784 0.094414 0.184396 0.144653 0.158665 0.204781 0.888695 0.113240 0.114884 0.139230 0.098642 0.248001 0.203445 0.182816 0.257312 0.138784 0.136915 0.262844 0.105737 ;
0.113198 0.264926 0.094406 0.184413 0.144640 0.158656 0.204815 0.888850 0.113226 0.114871 0.139231 0.098618 0.247998 0.203472 0.182821 0.257357 0.138803 0.136923 0.262889 0.105727 ;
0.113194 0.264934 0.094405 0.184413 0.144640 0.158656 0.204817 0.888858 0.113225 0.114871 0.139231 0.098617 0.247997 0.203473 0.182821 0.257360 0.138804 0.136923 0.262891 0.105726 ;
0.113195 0.264931 0.094406 0.184413 0.144640 0.158656 0.204817 0.888855 0.113225 0.114871 0.139231 0.098617 0.247997 0.203473 0.182821 0.257359 0.138804 0.136923 0.262890 0.105726 ;
0.113266 0.264777 0.094414 0.184395 0.144653 0.158665 0.204779 0.888688 0.113241 0.114885 0.139230 0.098643 0.248002 0.203443 0.182816 0.257309 0.138783 0.136915 0.262842 0.105738 ;
0.113171 0.264985 0.094402 0.184419 0.144635 0.158653 0.204829 0.888913 0.113220 0.114866 0.139231 0.098608 0.247995 0.203483 0.182823 0.257375 0.138811 0.136926 0.262907 0.105722 ;
0.113242 0.264829 0.094411 0.184401 0.144649 0.158662 0.204792 0.888744 0.113235 0.114880 0.139230 0.098634 0.248000 0.203453 0.182818 0.257326 0.138790 0.136918 0.262858 0.105734 ;
0.112138 0.267268 0.094288 0.184662 0.144425 0.158550 0.205375 0.891303 0.113015 0.114687 0.139226 0.098253 0.247916 0.203881 0.182913 0.258062 0.139125 0.137027 0.263585 0.105542 ;
0.112149 0.267243 0.094290 0.184659 0.144428 0.158551 0.205368 0.891275 0.113018 0.114689 0.139226 0.098259 0.247909 0.203872 0.182911 0.258054 0.139123 0.137026 0.263573 0.105543 ;
0.112104 0.267345 0.094285 0.184668 0.144417 0.158549 0.205393 0.891379 0.113011 0.114684 0.139224 0.098244 0.247913 0.203891 0.182917 0.258083 0.139136 0.137029 0.263604 0.105534 ;
0.112071 0.267417 0.094282 0.184673 0.144410 0.158549 0.205410 0.891450 0.113006 0.114681 0.139223 0.098235 0.247910 0.203901 0.182922 0.258102 0.139146 0.137031 0.263622 0.105527 ;
0.113186 0.264951 0.094404 0.184415 0.144638 0.158655 0.204821 0.888877 0.113223 0.114869 0.139231 0.098614 0.247996 0.203476 0.182822 0.257365 0.138807 0.136924 0.262897 0.105725 ;
0.113223 0.264871 0.094409 0.184406 0.144645 0.158660 0.204802 0.888789 0.113231 0.114876 0.139230 0.098628 0.247999 0.203461 0.182819 0.257339 0.138796 0.136920 0.262871 0.105731 ;
0.112564 0.266384 0.094591 0.184310 0.144475 0.158833 0.204806 0.889579 0.113294 0.114978 0.139195 0.098979 0.246294 0.202525 0.182791 0.257344 0.139128 0.136813 0.262103 0.105354 ;
0.112072 0.267439 0.094379 0.184592 0.144402 0.158615 0.205262 0.891166 0.113061 0.114738 0.139224 0.098457 0.247163 0.203407 0.182858 0.257945 0.139208 0.136978 0.263129 0.105438 ;
];
X_settling = [];
X_settling_pattern = [];
