X = [0.103890 0.078464 0.165294 0.758365 0.033879 0.081146 0.023452 0.966901 0.883670 0.131800 0.023881 0.970478 0.040258 0.054525 0.914553 0.935540 0.047232 0.066913 0.818825 0.029276 ;
0.071354 0.565121 0.864445 0.859929 0.030440 0.053133 0.902173 0.040985 0.866345 0.053713 0.897400 0.971213 0.031364 0.037381 0.295336 0.844154 0.035425 0.031697 0.856257 0.026140 ;
0.091359 0.776674 0.853320 0.028588 0.024237 0.090930 0.052218 0.967121 0.891984 0.946986 0.912674 0.958626 0.032363 0.071187 0.114288 0.023484 0.044322 0.070357 0.836723 0.020213 ;
0.073984 0.665175 0.036672 0.035662 0.033295 0.071565 0.020399 0.055931 0.859625 0.961222 0.846065 0.976696 0.035809 0.071588 0.899682 0.946018 0.038472 0.183109 0.845319 0.026081 ;
0.981020 0.388439 0.018731 0.061942 0.036249 0.276026 0.024666 0.069045 0.862148 0.895743 0.187705 0.032380 0.121649 0.094199 0.919249 0.957016 0.037994 0.337575 0.019729 0.026360 ;
0.958075 0.746908 0.796681 0.027850 0.024460 0.153702 0.085109 0.968649 0.920625 0.922420 0.912981 0.017756 0.039769 0.093668 0.096050 0.023716 0.040578 0.161946 0.019060 0.019796 ;
0.959963 0.063457 0.107849 0.737632 0.036752 0.137566 0.035095 0.970030 0.914283 0.106051 0.027703 0.028894 0.049118 0.064142 0.895695 0.935716 0.047673 0.140606 0.015659 0.031473 ;
0.959972 0.063439 0.107899 0.738525 0.036731 0.137313 0.035165 0.970090 0.914386 0.105671 0.027698 0.028885 0.049018 0.064119 0.895796 0.935862 0.047644 0.140564 0.015669 0.031457 ;
0.067187 0.020538 0.942665 0.889389 0.779091 0.847010 0.941420 0.970668 0.030964 0.036662 0.026360 0.029434 0.911014 0.955521 0.060810 0.045344 0.734303 0.894642 0.816650 0.579318 ;
0.970744 0.039385 0.915781 0.869040 0.683133 0.920559 0.960227 0.045106 0.031681 0.030299 0.030321 0.015758 0.891932 0.943654 0.069896 0.092930 0.612615 0.894628 0.722969 0.481731 ;
0.970737 0.039392 0.915720 0.868961 0.683038 0.920625 0.960200 0.045069 0.031690 0.030313 0.030306 0.015758 0.892016 0.943620 0.069917 0.092958 0.612499 0.894583 0.722847 0.481658 ;
0.970738 0.039391 0.915750 0.869026 0.683052 0.920617 0.960218 0.045080 0.031692 0.030301 0.030306 0.015757 0.892005 0.943637 0.069922 0.092970 0.612502 0.894609 0.722915 0.481662 ;
0.961183 0.013894 0.017518 0.020559 0.807036 0.950041 0.019833 0.031112 0.025929 0.969616 0.030230 0.964100 0.948144 0.061256 0.075861 0.094586 0.927931 0.032101 0.039008 0.777507 ;
0.961203 0.013892 0.017519 0.020551 0.807140 0.950057 0.019837 0.031082 0.025908 0.969630 0.030261 0.964120 0.948160 0.061269 0.075794 0.094512 0.927988 0.032098 0.039006 0.777612 ;
0.961234 0.013925 0.017546 0.020558 0.806795 0.949879 0.019851 0.031076 0.025962 0.969583 0.030353 0.964013 0.947943 0.061246 0.075799 0.094544 0.927815 0.032120 0.039003 0.777259 ;
0.046045 0.008260 0.025319 0.022663 0.855769 0.894322 0.012888 0.956788 0.027948 0.974174 0.024815 0.980448 0.955093 0.068872 0.068081 0.047254 0.948533 0.028922 0.064487 0.820133 ;
];
X_settling = [];
X_settling_pattern = [];
