X = [0.080896 0.237189 0.311900 0.056756 0.156563 0.228016 0.078039 0.977627 0.220518 0.262860 0.110168 0.127060 0.179553 0.147377 0.047889 0.028974 0.157589 0.138331 0.163511 0.171594 ;
0.024453 0.277489 0.372039 0.031407 0.152138 0.549926 0.095539 0.908113 0.269863 0.393951 0.966738 0.111651 0.112433 0.160749 0.040198 0.022079 0.151785 0.181066 0.187021 0.172992 ;
0.024489 0.282798 0.372579 0.030998 0.151116 0.548728 0.095581 0.908739 0.271708 0.396489 0.967237 0.111726 0.111843 0.159911 0.040036 0.021950 0.150591 0.181326 0.186714 0.171942 ;
0.024453 0.277468 0.372037 0.031409 0.152142 0.549931 0.095539 0.908110 0.269855 0.393941 0.966736 0.111650 0.112435 0.160752 0.040198 0.022080 0.151790 0.181065 0.187022 0.172996 ;
0.024453 0.277473 0.372037 0.031408 0.152141 0.549929 0.095539 0.908111 0.269857 0.393943 0.966736 0.111650 0.112435 0.160751 0.040198 0.022080 0.151789 0.181065 0.187022 0.172995 ;
0.024487 0.282601 0.372498 0.031002 0.151163 0.548914 0.095564 0.908728 0.271639 0.396454 0.967220 0.111729 0.111903 0.159926 0.040044 0.021952 0.150636 0.181316 0.186678 0.171993 ;
0.024451 0.277246 0.372009 0.031426 0.152185 0.549981 0.095538 0.908080 0.269777 0.393834 0.966715 0.111647 0.112460 0.160786 0.040206 0.022086 0.151841 0.181054 0.187032 0.173041 ;
0.080740 0.238092 0.311539 0.056398 0.156353 0.228889 0.077981 0.977547 0.220964 0.263863 0.111839 0.127099 0.179372 0.147021 0.047871 0.028921 0.157319 0.138368 0.163011 0.171425 ;
0.081001 0.230405 0.308919 0.057480 0.158364 0.229849 0.077630 0.977705 0.217784 0.260447 0.105838 0.127255 0.181968 0.147906 0.048414 0.029283 0.159777 0.137844 0.162520 0.173789 ;
0.081005 0.230460 0.308970 0.057482 0.158349 0.229802 0.077637 0.977707 0.217804 0.260447 0.105847 0.127250 0.181943 0.147914 0.048408 0.029280 0.159760 0.137850 0.162550 0.173768 ;
0.024452 0.277493 0.372046 0.031405 0.152141 0.549953 0.095536 0.908129 0.269864 0.393963 0.966738 0.111651 0.112441 0.160752 0.040194 0.022077 0.151785 0.181067 0.187025 0.172994 ;
0.081000 0.230189 0.308868 0.057512 0.158425 0.229897 0.077624 0.977708 0.217693 0.260350 0.105706 0.127254 0.182040 0.147944 0.048427 0.029291 0.159850 0.137836 0.162526 0.173859 ;
0.024452 0.277426 0.372034 0.031413 0.152150 0.549933 0.095540 0.908103 0.269841 0.393918 0.966732 0.111649 0.112438 0.160759 0.040200 0.022081 0.151800 0.181063 0.187025 0.173004 ;
0.024452 0.277333 0.372013 0.031417 0.152170 0.549983 0.095536 0.908097 0.269808 0.393886 0.966723 0.111650 0.112456 0.160771 0.040203 0.022083 0.151821 0.181058 0.187022 0.173025 ;
0.081004 0.230493 0.308935 0.057468 0.158338 0.229824 0.077631 0.977704 0.217823 0.260486 0.105884 0.127257 0.181939 0.147886 0.048410 0.029280 0.159747 0.137845 0.162512 0.173760 ;
0.081003 0.230283 0.308870 0.057495 0.158396 0.229881 0.077623 0.977706 0.217735 0.260401 0.105761 0.127258 0.182011 0.147917 0.048424 0.029289 0.159817 0.137835 0.162505 0.173829 ;
];
X_settling = [];
X_settling_pattern = [];
