X = [0.026180 0.896852 0.125388 0.100898 0.140644 0.190914 0.203821 0.154899 0.148420 0.118445 0.202935 0.171177 0.156568 0.197293 0.099395 0.145343 0.831121 0.159838 0.140835 0.131234 ;
0.026179 0.896945 0.125387 0.100862 0.140630 0.190922 0.203859 0.154830 0.148417 0.118438 0.202926 0.171154 0.156575 0.197329 0.099396 0.145329 0.831342 0.159828 0.140839 0.131228 ;
0.026170 0.897223 0.125317 0.100918 0.140758 0.190295 0.203506 0.155693 0.148222 0.118139 0.203521 0.170794 0.156640 0.197587 0.099144 0.145490 0.832401 0.160203 0.141040 0.131348 ;
0.026180 0.896790 0.125395 0.100910 0.140635 0.190970 0.203851 0.154852 0.148440 0.118473 0.202885 0.171212 0.156558 0.197259 0.099417 0.145333 0.830922 0.159807 0.140823 0.131226 ;
0.026179 0.896951 0.125388 0.100858 0.140627 0.190930 0.203868 0.154813 0.148419 0.118440 0.202918 0.171155 0.156575 0.197330 0.099399 0.145326 0.831349 0.159822 0.140838 0.131226 ;
0.026183 0.897497 0.125341 0.100737 0.140602 0.190571 0.203951 0.155095 0.148281 0.118221 0.203249 0.170875 0.156592 0.197604 0.099243 0.145370 0.832899 0.159990 0.140998 0.131275 ;
0.026179 0.896939 0.125389 0.100862 0.140628 0.190931 0.203865 0.154819 0.148420 0.118442 0.202917 0.171159 0.156573 0.197325 0.099399 0.145327 0.831320 0.159822 0.140837 0.131227 ;
0.026180 0.896924 0.125386 0.100872 0.140637 0.190909 0.203840 0.154863 0.148414 0.118435 0.202939 0.171155 0.156574 0.197323 0.099391 0.145336 0.831303 0.159838 0.140840 0.131232 ;
0.026177 0.896905 0.125385 0.100878 0.140636 0.190922 0.203841 0.154886 0.148420 0.118439 0.202932 0.171148 0.156578 0.197329 0.099393 0.145341 0.831234 0.159838 0.140851 0.131233 ;
0.026179 0.896893 0.125391 0.100876 0.140629 0.190945 0.203863 0.154827 0.148427 0.118452 0.202906 0.171176 0.156568 0.197304 0.099405 0.145328 0.831195 0.159816 0.140832 0.131226 ;
0.026168 0.897198 0.125377 0.100660 0.140518 0.191276 0.204116 0.154478 0.148501 0.118516 0.202653 0.171039 0.156684 0.197618 0.099483 0.145273 0.831751 0.159677 0.140973 0.131185 ;
0.026179 0.896863 0.125392 0.100885 0.140630 0.190954 0.203861 0.154832 0.148431 0.118459 0.202898 0.171187 0.156565 0.197291 0.099409 0.145329 0.831116 0.159812 0.140829 0.131226 ;
0.026179 0.896880 0.125391 0.100880 0.140630 0.190948 0.203861 0.154830 0.148428 0.118455 0.202903 0.171180 0.156567 0.197298 0.099407 0.145329 0.831162 0.159815 0.140831 0.131226 ;
0.026180 0.896845 0.125393 0.100890 0.140630 0.190962 0.203862 0.154831 0.148435 0.118464 0.202891 0.171195 0.156563 0.197282 0.099413 0.145329 0.831063 0.159808 0.140827 0.131225 ;
0.026179 0.896893 0.125391 0.100876 0.140629 0.190945 0.203863 0.154827 0.148427 0.118452 0.202906 0.171176 0.156569 0.197304 0.099405 0.145328 0.831197 0.159816 0.140832 0.131226 ;
0.026180 0.896776 0.125396 0.100913 0.140634 0.190978 0.203854 0.154848 0.148443 0.118478 0.202878 0.171218 0.156556 0.197252 0.099420 0.145333 0.830880 0.159802 0.140821 0.131225 ;
];
X_settling = [];
X_settling_pattern = [];
