X = [0.122968 0.118538 0.135059 0.125870 0.114327 0.130251 0.112862 0.119203 0.129870 0.110048 0.136589 0.142996 0.137515 0.118222 0.125731 0.119222 0.119203 0.120127 0.119692 0.117918 ;
0.122968 0.118538 0.135059 0.125870 0.114327 0.130251 0.112862 0.119203 0.129870 0.110048 0.136589 0.142996 0.137515 0.118222 0.125731 0.119222 0.119203 0.120127 0.119692 0.117918 ;
0.122968 0.118538 0.135059 0.125870 0.114327 0.130251 0.112862 0.119203 0.129870 0.110048 0.136589 0.142996 0.137515 0.118222 0.125731 0.119222 0.119203 0.120127 0.119692 0.117918 ;
0.122968 0.118538 0.135059 0.125870 0.114327 0.130251 0.112861 0.119203 0.129870 0.110048 0.136589 0.142996 0.137515 0.118222 0.125731 0.119222 0.119203 0.120127 0.119692 0.117918 ;
0.122979 0.118536 0.135059 0.125870 0.114328 0.130251 0.112872 0.119203 0.129870 0.110049 0.136589 0.143142 0.137515 0.118211 0.125731 0.119219 0.119203 0.120127 0.119692 0.117918 ;
0.122979 0.118536 0.135059 0.125870 0.114328 0.130251 0.112872 0.119203 0.129870 0.110049 0.136589 0.143142 0.137515 0.118210 0.125731 0.119219 0.119203 0.120127 0.119692 0.117918 ;
0.122979 0.118536 0.135059 0.125870 0.114328 0.130251 0.112872 0.119203 0.129870 0.110049 0.136589 0.143142 0.137515 0.118211 0.125731 0.119219 0.119203 0.120127 0.119692 0.117918 ;
0.122979 0.118536 0.135059 0.125870 0.114327 0.130251 0.112875 0.119203 0.129870 0.110049 0.136589 0.143142 0.137515 0.118211 0.125731 0.119219 0.119203 0.120127 0.119692 0.117918 ;
0.122979 0.118536 0.135059 0.125870 0.114328 0.130251 0.112860 0.119203 0.129870 0.110047 0.136589 0.143142 0.137515 0.118211 0.125731 0.119219 0.119203 0.120127 0.119692 0.117917 ;
0.122984 0.118542 0.135059 0.125870 0.114328 0.130251 0.112862 0.119203 0.129870 0.110047 0.136589 0.143206 0.137515 0.118210 0.125731 0.119217 0.119203 0.120127 0.119692 0.117917 ;
0.122979 0.118536 0.135059 0.125870 0.114328 0.130251 0.112860 0.119203 0.129870 0.110047 0.136589 0.143142 0.137515 0.118211 0.125731 0.119219 0.119203 0.120127 0.119692 0.117917 ;
0.122979 0.118536 0.135059 0.125870 0.114328 0.130251 0.112859 0.119203 0.129870 0.110048 0.136589 0.143142 0.137515 0.118211 0.125731 0.119219 0.119203 0.120127 0.119692 0.117917 ;
0.122989 0.118550 0.135059 0.125870 0.114328 0.130251 0.112864 0.119203 0.129870 0.110048 0.136589 0.143267 0.137515 0.118210 0.125731 0.119215 0.119203 0.120127 0.119692 0.117918 ;
0.122989 0.118549 0.135059 0.125870 0.114328 0.130251 0.112865 0.119203 0.129870 0.110047 0.136589 0.143267 0.137514 0.118210 0.125731 0.119215 0.119203 0.120127 0.119692 0.117918 ;
0.122979 0.118538 0.135059 0.125870 0.114327 0.130251 0.112862 0.119203 0.129870 0.110048 0.136589 0.143138 0.137515 0.118213 0.125731 0.119219 0.119203 0.120127 0.119692 0.117917 ;
0.122989 0.118549 0.135059 0.125870 0.114328 0.130251 0.112865 0.119203 0.129870 0.110047 0.136589 0.143267 0.137514 0.118210 0.125731 0.119215 0.119203 0.120127 0.119692 0.117918 ;
];
X_settling = [];
X_settling_pattern = [];
