X = [0.965091 0.032733 0.112788 0.020707 0.887159 0.026169 0.027962 0.769694 0.034618 0.027317 0.949827 0.014860 0.438293 0.915093 0.035600 0.758049 0.975126 0.901682 0.943361 0.958336 ;
0.972964 0.021553 0.100868 0.923215 0.019847 0.024471 0.929059 0.949423 0.022937 0.023959 0.930748 0.057042 0.046258 0.501732 0.031403 0.867478 0.022186 0.936955 0.963755 0.973985 ;
0.028425 0.975727 0.074901 0.832024 0.028066 0.025518 0.871860 0.866697 0.021646 0.021014 0.952080 0.025326 0.101596 0.819488 0.027807 0.760889 0.938261 0.919610 0.925234 0.961975 ;
0.017119 0.034571 0.161686 0.857153 0.938996 0.025098 0.023152 0.941085 0.029305 0.029214 0.958630 0.072909 0.951392 0.973584 0.039374 0.762790 0.023020 0.914124 0.947398 0.965600 ;
0.022113 0.035674 0.979429 0.941876 0.973719 0.028180 0.035208 0.081666 0.033599 0.034071 0.971490 0.967536 0.945426 0.577522 0.035172 0.028502 0.023738 0.030653 0.044451 0.973832 ;
0.040093 0.976724 0.953780 0.937032 0.061238 0.027620 0.919722 0.033207 0.023663 0.023403 0.967073 0.925064 0.065106 0.100335 0.023614 0.027994 0.936018 0.032188 0.022672 0.970533 ;
0.979502 0.023669 0.969954 0.969600 0.044073 0.027458 0.956025 0.084311 0.026261 0.027960 0.949628 0.961064 0.039556 0.032954 0.027984 0.048918 0.021488 0.035862 0.057986 0.979588 ;
0.973391 0.036525 0.964046 0.052265 0.948790 0.028861 0.041782 0.021651 0.037441 0.030013 0.963873 0.861925 0.296543 0.201674 0.029947 0.031804 0.972283 0.030641 0.030358 0.963781 ;
0.040537 0.973093 0.949570 0.050577 0.016860 0.924161 0.940151 0.605038 0.953409 0.954750 0.011488 0.127610 0.957558 0.978583 0.951962 0.015024 0.046535 0.020792 0.952283 0.074636 ;
0.950889 0.027675 0.969304 0.026333 0.040048 0.947089 0.933070 0.905102 0.966972 0.968276 0.016491 0.621238 0.959602 0.973815 0.966589 0.021208 0.055361 0.023668 0.961169 0.032215 ;
0.210557 0.930503 0.953070 0.017789 0.027419 0.931636 0.922689 0.038138 0.959952 0.960911 0.014705 0.184959 0.950215 0.981443 0.958949 0.012810 0.965356 0.017796 0.944736 0.104732 ;
0.933867 0.838713 0.934490 0.017886 0.016942 0.936668 0.936050 0.043297 0.963020 0.963843 0.011593 0.116618 0.951835 0.974285 0.961352 0.016331 0.039195 0.020141 0.954717 0.953597 ;
0.931824 0.889568 0.060923 0.049925 0.803080 0.976161 0.032216 0.041226 0.962146 0.975728 0.019983 0.901663 0.018034 0.017198 0.974854 0.886503 0.036521 0.967031 0.030288 0.951325 ;
0.227248 0.944030 0.085843 0.047621 0.884710 0.974006 0.023688 0.036676 0.958856 0.973595 0.025875 0.940899 0.018591 0.024579 0.973128 0.859710 0.962971 0.962617 0.024999 0.099734 ;
0.950458 0.037296 0.094199 0.058394 0.906447 0.976959 0.025540 0.905889 0.960778 0.975142 0.027165 0.983443 0.023861 0.020972 0.974655 0.917694 0.051856 0.974444 0.047753 0.033925 ;
0.039933 0.979578 0.081195 0.148543 0.804717 0.970398 0.035412 0.614955 0.951052 0.968648 0.020877 0.916251 0.020893 0.020440 0.967734 0.877420 0.039577 0.967793 0.028878 0.068191 ;
];
X_settling = [];
X_settling_pattern = [];
