X = [0.586591 0.398126 0.134656 0.754358 0.876212 0.160021 0.215534 0.834511 0.816606 0.707279 0.507030 0.484230 0.560079 0.504901 0.789155 0.859259 0.845207 0.067794 0.222553 0.335685 ;
0.875939 0.030756 0.154459 0.880611 0.856473 0.189235 0.279795 0.912531 0.881179 0.736137 0.130145 0.272701 0.783527 0.368777 0.688297 0.027686 0.817597 0.810874 0.244370 0.172300 ;
0.527853 0.576647 0.307392 0.814948 0.836333 0.168820 0.264922 0.752528 0.962693 0.870212 0.811056 0.411642 0.166107 0.333171 0.853076 0.683947 0.791344 0.920159 0.265953 0.221294 ;
0.580986 0.757598 0.330353 0.704871 0.791540 0.125093 0.010864 0.866160 0.818968 0.779462 0.458213 0.454201 0.772548 0.789411 0.834789 0.762617 0.767203 0.421138 0.282408 0.184464 ;
0.527853 0.824070 0.537852 0.958856 0.743407 0.908843 0.055719 0.718386 0.209301 0.981628 0.440404 0.412682 0.571763 0.927928 0.175118 0.568107 0.177523 0.577555 0.051847 0.473669 ;
0.636007 0.384748 0.453952 0.951594 0.771977 0.892127 0.396504 0.653696 0.612395 0.985650 0.751133 0.484274 0.123334 0.801386 0.282431 0.574389 0.262255 0.965679 0.048913 0.531797 ;
0.875939 0.019277 0.333573 0.947165 0.843256 0.918468 0.484811 0.740862 0.300886 0.946375 0.141430 0.266103 0.626854 0.733975 0.230492 0.025148 0.210674 0.874081 0.077259 0.569905 ;
0.636628 0.189883 0.314783 0.929178 0.814451 0.867096 0.579610 0.577292 0.260691 0.949472 0.385833 0.480743 0.609825 0.666639 0.189326 0.749690 0.231630 0.112244 0.046182 0.630939 ;
0.527853 0.954649 0.931433 0.352192 0.115849 0.490581 0.338478 0.124363 0.398007 0.820766 0.054205 0.480367 0.979216 0.209855 0.336851 0.485785 0.760545 0.547372 0.900677 0.301506 ;
0.527853 0.602684 0.952211 0.309489 0.094067 0.769578 0.301690 0.209384 0.372531 0.891198 0.299278 0.624028 0.973510 0.920011 0.024431 0.412963 0.738301 0.035680 0.846506 0.280163 ;
0.567861 0.154558 0.948766 0.521021 0.124458 0.618124 0.317925 0.195267 0.314406 0.892623 0.191966 0.569269 0.956574 0.628842 0.244571 0.711479 0.618917 0.640965 0.709547 0.258657 ;
0.527853 0.038163 0.967633 0.316522 0.079684 0.527603 0.369823 0.227413 0.481225 0.879385 0.191088 0.536201 0.945935 0.450635 0.233199 0.451253 0.715393 0.508278 0.883189 0.335844 ;
0.627216 0.043272 0.740152 0.119763 0.928573 0.447846 0.628171 0.056618 0.303498 0.394084 0.621411 0.777246 0.099903 0.357343 0.360263 0.749212 0.038950 0.727936 0.697486 0.946181 ;
0.547792 0.532950 0.727768 0.240511 0.942996 0.599123 0.689552 0.031727 0.107067 0.423449 0.500280 0.719136 0.138584 0.314835 0.420114 0.875449 0.025888 0.536215 0.605784 0.947004 ;
0.527853 0.577517 0.705618 0.142383 0.925841 0.733533 0.683670 0.067362 0.170771 0.366014 0.753575 0.776006 0.160793 0.876627 0.051135 0.615640 0.065175 0.050132 0.695033 0.939471 ;
0.578531 0.989149 0.665486 0.218801 0.950954 0.573038 0.558116 0.032589 0.157149 0.519953 0.210076 0.644797 0.071466 0.110426 0.532546 0.689978 0.043204 0.762380 0.712056 0.944227 ;
];
X_settling = [];
X_settling_pattern = [];
