X = [0.674440 0.234780 0.193596 0.112734 0.029832 0.639506 0.876644 0.911894 0.540812 0.691454 0.040144 0.093429 0.956683 0.942777 0.616117 0.187395 0.103695 0.116513 0.901689 0.048438 ;
0.674846 0.234688 0.193650 0.112705 0.029830 0.639719 0.876667 0.911785 0.540947 0.691628 0.040133 0.093491 0.956685 0.942769 0.616191 0.187346 0.103679 0.116461 0.901682 0.048424 ;
0.674719 0.234680 0.193587 0.112742 0.029831 0.639493 0.876659 0.911818 0.540803 0.691443 0.040146 0.093429 0.956678 0.942775 0.616115 0.187395 0.103684 0.116516 0.901697 0.048447 ;
0.671897 0.234812 0.192586 0.113330 0.029843 0.635837 0.876493 0.912562 0.538478 0.688460 0.040358 0.092437 0.956566 0.942877 0.614884 0.188188 0.103795 0.117414 0.901906 0.048800 ;
0.674721 0.234740 0.193664 0.112696 0.029831 0.639758 0.876660 0.911819 0.540973 0.691660 0.040130 0.093499 0.956689 0.942769 0.616203 0.187339 0.103684 0.116451 0.901676 0.048416 ;
0.674427 0.234824 0.193647 0.112703 0.029833 0.639680 0.876644 0.911898 0.540923 0.691595 0.040133 0.093474 0.956691 0.942773 0.616174 0.187358 0.103696 0.116470 0.901675 0.048416 ;
0.674682 0.234740 0.193647 0.112706 0.029831 0.639697 0.876658 0.911829 0.540934 0.691610 0.040134 0.093483 0.956687 0.942771 0.616182 0.187352 0.103686 0.116466 0.901680 0.048422 ;
0.674963 0.234706 0.193722 0.112663 0.029830 0.639974 0.876674 0.911754 0.541109 0.691835 0.040118 0.093559 0.956694 0.942762 0.616276 0.187291 0.103674 0.116398 0.901665 0.048397 ;
0.661970 0.238427 0.192952 0.113026 0.029887 0.636381 0.875980 0.915148 0.538861 0.688880 0.040277 0.092426 0.956758 0.942940 0.614966 0.188130 0.104220 0.117255 0.901610 0.048455 ;
0.665671 0.238127 0.194113 0.112351 0.029873 0.640644 0.876192 0.914225 0.541569 0.692359 0.040033 0.093594 0.956880 0.942818 0.616407 0.187215 0.104075 0.116218 0.901376 0.048053 ;
0.669911 0.236787 0.194222 0.112319 0.029855 0.641325 0.876413 0.913113 0.541991 0.692924 0.040011 0.093840 0.956839 0.942772 0.616674 0.187044 0.103894 0.116060 0.901431 0.048092 ;
0.672882 0.235791 0.194220 0.112344 0.029841 0.641529 0.876569 0.912321 0.542112 0.693096 0.040012 0.093938 0.956798 0.942744 0.616770 0.186979 0.103767 0.116014 0.901490 0.048153 ;
0.662083 0.238215 0.192742 0.113156 0.029886 0.635662 0.875981 0.915114 0.538403 0.688295 0.040321 0.092243 0.956725 0.942955 0.614731 0.188281 0.104212 0.117433 0.901667 0.048544 ;
0.662209 0.238249 0.192835 0.113100 0.029885 0.635992 0.875990 0.915084 0.538613 0.688564 0.040302 0.092330 0.956737 0.942946 0.614841 0.188211 0.104208 0.117352 0.901645 0.048508 ;
0.661974 0.238199 0.192680 0.113193 0.029886 0.635437 0.875974 0.915140 0.538260 0.688111 0.040335 0.092183 0.956717 0.942960 0.614656 0.188328 0.104216 0.117488 0.901681 0.048567 ;
0.662649 0.237974 0.192682 0.113197 0.029884 0.635497 0.876009 0.914968 0.538295 0.688162 0.040334 0.092209 0.956708 0.942954 0.614682 0.188313 0.104187 0.117476 0.901695 0.048579 ;
];
X_settling = [];
X_settling_pattern = [];
