X = [0.034650 0.009121 0.738694 0.997456 0.002653 0.025469 0.015192 0.029930 0.995880 0.001034 0.983283 0.022934 0.043737 0.022031 0.910470 0.035008 0.019937 0.006480 0.005406 0.005412 ;
0.028259 0.007876 0.982804 0.999437 0.002851 0.011035 0.009855 0.055972 0.089202 0.004559 0.019041 0.011223 0.999564 0.018898 0.997578 0.030088 0.010209 0.002141 0.998493 0.002045 ;
0.020683 0.010133 0.055476 0.999038 0.004252 0.010924 0.008507 0.025064 0.997123 0.000850 0.438675 0.018269 0.997939 0.020343 0.997742 0.015214 0.009657 0.003665 0.000856 0.005556 ;
0.028284 0.007880 0.982830 0.999435 0.002851 0.011046 0.009854 0.055954 0.089931 0.004553 0.019046 0.011210 0.999564 0.018902 0.997577 0.030128 0.010222 0.002143 0.998490 0.002045 ;
0.011586 0.003273 0.984713 0.998796 0.995718 0.015161 0.006468 0.022872 0.081831 0.005001 0.010680 0.009920 0.997361 0.034102 0.994047 0.026592 0.010513 0.003929 0.998271 0.997574 ;
0.009529 0.003859 0.058644 0.997726 0.997203 0.015430 0.006245 0.012394 0.990030 0.001487 0.210328 0.011871 0.985525 0.043636 0.994252 0.013730 0.010402 0.006498 0.000806 0.999227 ;
0.011821 0.001737 0.072258 0.999249 0.997156 0.007602 0.010268 0.013039 0.079092 0.004329 0.298365 0.003770 0.010218 0.022829 0.994889 0.005795 0.002066 0.003293 0.999774 0.998675 ;
0.009782 0.003191 0.592433 0.996747 0.995152 0.023624 0.009588 0.016642 0.238256 0.008221 0.973083 0.005417 0.003580 0.033310 0.725325 0.016934 0.013887 0.007548 0.005416 0.998939 ;
0.986563 0.004997 0.995696 0.030123 0.013678 0.991501 0.993823 0.988784 0.268730 0.848983 0.003715 0.006964 0.000369 0.990327 0.994374 0.972129 0.981064 0.974872 0.003180 0.999564 ;
0.984432 0.004298 0.995097 0.029896 0.012779 0.992924 0.995755 0.980477 0.994587 0.096304 0.002839 0.996962 0.000576 0.989276 0.994431 0.986426 0.979051 0.977148 0.002777 0.999505 ;
0.958292 0.003510 0.993324 0.001491 0.007326 0.995983 0.996556 0.989623 0.008648 0.824698 0.003722 0.997910 0.000312 0.987861 0.994454 0.980035 0.983692 0.981523 0.002447 0.999573 ;
0.976144 0.002021 0.990242 0.976768 0.011082 0.990003 0.992953 0.986059 0.003883 0.441407 0.004223 0.995877 0.000558 0.983700 0.997879 0.976817 0.965457 0.940781 0.003316 0.999153 ;
0.074310 0.990250 0.995173 0.994512 0.007108 0.987116 0.003923 0.021821 0.003593 0.683227 0.957225 0.995921 0.999991 0.009573 0.005209 0.990793 0.985569 0.946406 0.002270 0.001557 ;
0.040385 0.994512 0.996415 0.007807 0.005177 0.994141 0.007545 0.028519 0.005231 0.925925 0.951024 0.998048 0.999986 0.012545 0.001882 0.991572 0.992737 0.981047 0.001941 0.002920 ;
0.099165 0.994948 0.997522 0.198078 0.009414 0.988999 0.005934 0.014066 0.994965 0.177545 0.936563 0.996582 0.999993 0.013110 0.002268 0.993716 0.989273 0.974853 0.002089 0.002449 ;
0.122095 0.995678 0.998071 0.235832 0.010060 0.987224 0.003895 0.023344 0.444386 0.903352 0.952459 0.005580 0.999990 0.014530 0.002319 0.988131 0.990965 0.972508 0.002210 0.002651 ;
];
X_settling = [];
X_settling_pattern = [];
