X = [0.101396 0.115451 0.139006 0.762958 0.121500 0.115851 0.105248 0.138123 0.119276 0.115800 0.152297 0.119772 0.094941 0.131059 0.144496 0.135558 0.111461 0.113998 0.082003 0.103030 ;
0.101404 0.115438 0.139019 0.765600 0.121500 0.115851 0.105236 0.138135 0.119276 0.115930 0.152385 0.119761 0.094863 0.131052 0.144416 0.135568 0.111461 0.113984 0.082082 0.103014 ;
0.101396 0.115451 0.139003 0.763006 0.121500 0.115851 0.105250 0.138123 0.119276 0.115802 0.152302 0.119771 0.094954 0.131058 0.144492 0.135560 0.111461 0.113997 0.082007 0.103034 ;
0.101403 0.115439 0.138997 0.764820 0.121500 0.115851 0.105253 0.138132 0.119276 0.115890 0.152381 0.119761 0.094953 0.131052 0.144420 0.135571 0.111461 0.113984 0.082079 0.103043 ;
0.101402 0.115441 0.138999 0.767056 0.121500 0.115851 0.105253 0.138130 0.119276 0.115999 0.152364 0.119764 0.094920 0.131055 0.144434 0.135579 0.111461 0.113986 0.082063 0.103042 ;
0.101392 0.115458 0.138999 0.767010 0.121500 0.115851 0.105257 0.138117 0.119276 0.115996 0.152256 0.119777 0.094921 0.131064 0.144532 0.135577 0.111461 0.114004 0.081966 0.103042 ;
0.101396 0.115451 0.139002 0.762679 0.121500 0.115851 0.105251 0.138123 0.119276 0.115786 0.152300 0.119772 0.094959 0.131058 0.144493 0.135558 0.111461 0.113997 0.082006 0.103035 ;
0.101396 0.115451 0.139003 0.763298 0.121500 0.115851 0.105250 0.138124 0.119276 0.115816 0.152303 0.119771 0.094950 0.131058 0.144490 0.135561 0.111461 0.113996 0.082008 0.103034 ;
0.101396 0.115451 0.139003 0.763189 0.121500 0.115851 0.105250 0.138124 0.119276 0.115811 0.152303 0.119771 0.094951 0.131058 0.144491 0.135560 0.111461 0.113997 0.082008 0.103034 ;
0.101396 0.115451 0.139003 0.762998 0.121500 0.115851 0.105250 0.138123 0.119276 0.115802 0.152302 0.119771 0.094954 0.131058 0.144492 0.135560 0.111461 0.113997 0.082007 0.103034 ;
0.101400 0.115444 0.138996 0.763187 0.121500 0.115851 0.105254 0.138128 0.119276 0.115810 0.152346 0.119766 0.094976 0.131055 0.144452 0.135563 0.111461 0.113989 0.082047 0.103043 ;
0.101400 0.115444 0.139004 0.762671 0.121500 0.115851 0.105256 0.138128 0.119276 0.115785 0.152344 0.119766 0.094983 0.131058 0.144454 0.135558 0.111461 0.113989 0.082045 0.103032 ;
0.101400 0.115444 0.139004 0.762671 0.121500 0.115851 0.105255 0.138128 0.119276 0.115785 0.152344 0.119766 0.094981 0.131058 0.144454 0.135558 0.111461 0.113990 0.082044 0.103032 ;
0.101396 0.115451 0.139003 0.762980 0.121500 0.115851 0.105250 0.138123 0.119276 0.115801 0.152302 0.119771 0.094954 0.131058 0.144492 0.135560 0.111461 0.113997 0.082007 0.103034 ;
0.101401 0.115442 0.138979 0.766053 0.121500 0.115851 0.105268 0.138127 0.119276 0.115947 0.152358 0.119764 0.095005 0.131055 0.144440 0.135581 0.111461 0.113986 0.082058 0.103067 ;
0.101396 0.115451 0.139002 0.762762 0.121500 0.115851 0.105251 0.138123 0.119276 0.115790 0.152301 0.119771 0.094957 0.131058 0.144493 0.135559 0.111461 0.113997 0.082006 0.103035 ;
];
X_settling = [];
X_settling_pattern = [];
