X = [0.178731 0.081976 0.223399 0.061770 0.818902 0.034969 0.035321 0.800903 0.062073 0.053697 0.778388 0.024326 0.597471 0.899730 0.048474 0.270313 0.944439 0.497450 0.844263 0.352986 ;
0.017816 0.033151 0.351605 0.772654 0.924724 0.028366 0.028283 0.938559 0.042580 0.050916 0.845171 0.093151 0.841414 0.948527 0.043148 0.288008 0.023312 0.557383 0.843328 0.612673 ;
0.025824 0.969150 0.185906 0.701653 0.023900 0.032041 0.875952 0.861027 0.046003 0.038071 0.813954 0.046104 0.153205 0.722899 0.041098 0.291805 0.943493 0.585504 0.862902 0.444621 ;
0.017817 0.033148 0.351771 0.772711 0.924729 0.028363 0.028288 0.938535 0.042574 0.050910 0.845177 0.093212 0.841451 0.948519 0.043143 0.287929 0.023307 0.557202 0.843275 0.612699 ;
0.024920 0.031529 0.957033 0.878238 0.964056 0.042430 0.034403 0.254804 0.047205 0.058175 0.828493 0.919847 0.874344 0.686896 0.052235 0.034994 0.022616 0.043759 0.074150 0.578073 ;
0.040907 0.969673 0.929921 0.860728 0.051790 0.043033 0.905790 0.065091 0.045273 0.038995 0.799384 0.900632 0.142818 0.153305 0.044474 0.028921 0.951813 0.036935 0.050906 0.433480 ;
0.024916 0.031530 0.957004 0.878169 0.964046 0.042448 0.034402 0.254911 0.047225 0.058200 0.828435 0.919788 0.874368 0.686979 0.052255 0.035005 0.022615 0.043776 0.074195 0.577995 ;
0.221974 0.104305 0.919692 0.121138 0.897037 0.056661 0.046925 0.051284 0.069970 0.066421 0.730938 0.761739 0.556298 0.406274 0.063185 0.032330 0.949401 0.036784 0.052686 0.317193 ;
0.017540 0.969931 0.880010 0.064306 0.016669 0.908183 0.912271 0.688861 0.944616 0.922268 0.054390 0.124987 0.921541 0.973089 0.884903 0.015176 0.050625 0.023879 0.910440 0.056607 ;
0.017536 0.969931 0.880005 0.064312 0.016669 0.908177 0.912279 0.689104 0.944611 0.922261 0.054398 0.124986 0.921540 0.973089 0.884892 0.015179 0.050600 0.023884 0.910459 0.056594 ;
0.066390 0.963306 0.901795 0.028709 0.019839 0.911167 0.910656 0.046122 0.951977 0.926516 0.071584 0.156949 0.923973 0.979577 0.892454 0.012255 0.972734 0.017413 0.880069 0.071737 ;
0.017614 0.969945 0.880118 0.064204 0.016667 0.908275 0.912123 0.684266 0.944708 0.922380 0.054238 0.125003 0.921563 0.973084 0.885073 0.015120 0.051117 0.023784 0.910078 0.056841 ;
0.087427 0.943674 0.148495 0.057944 0.853200 0.964897 0.042402 0.036647 0.923132 0.967616 0.092889 0.894456 0.072257 0.029912 0.934580 0.634026 0.971455 0.939461 0.031360 0.076528 ;
0.087629 0.943182 0.148548 0.057789 0.853992 0.964923 0.042169 0.036644 0.923153 0.967651 0.092848 0.894465 0.072352 0.029921 0.934642 0.634151 0.971469 0.939495 0.031356 0.076549 ;
0.087432 0.943662 0.148498 0.057941 0.853216 0.964897 0.042397 0.036646 0.923132 0.967617 0.092888 0.894457 0.072259 0.029912 0.934581 0.634027 0.971455 0.939461 0.031360 0.076529 ;
0.087461 0.943599 0.148509 0.057922 0.853308 0.964900 0.042371 0.036645 0.923134 0.967620 0.092883 0.894460 0.072271 0.029913 0.934587 0.634036 0.971458 0.939462 0.031360 0.076532 ;
];
X_settling = [];
X_settling_pattern = [];
