X = [0.130379 0.127998 0.121629 0.153480 0.124958 0.147641 0.135077 0.146719 0.128128 0.125613 0.125772 0.159861 0.117144 0.113522 0.152618 0.120902 0.105359 0.115284 0.111146 0.111526 ;
0.130401 0.127969 0.121663 0.153613 0.124912 0.147562 0.135094 0.146584 0.128093 0.125593 0.125784 0.159803 0.117155 0.113519 0.152633 0.120881 0.105312 0.115286 0.111184 0.111563 ;
0.130376 0.128000 0.121620 0.153469 0.124965 0.147648 0.135077 0.146730 0.128134 0.125614 0.125761 0.159851 0.117144 0.113522 0.152625 0.120905 0.105362 0.115286 0.111143 0.111523 ;
0.130371 0.128004 0.121617 0.153459 0.124972 0.147661 0.135078 0.146741 0.128138 0.125621 0.125754 0.159846 0.117143 0.113525 0.152633 0.120905 0.105365 0.115285 0.111137 0.111514 ;
0.130361 0.127969 0.121774 0.153507 0.124956 0.147689 0.135076 0.146566 0.128036 0.125614 0.125872 0.159899 0.117135 0.113488 0.152541 0.120819 0.105360 0.115207 0.111149 0.111564 ;
0.130369 0.127967 0.121765 0.153516 0.124948 0.147669 0.135075 0.146570 0.128040 0.125606 0.125870 0.159899 0.117137 0.113488 0.152539 0.120827 0.105357 0.115216 0.111156 0.111570 ;
0.130369 0.127972 0.121757 0.153521 0.124951 0.147667 0.135076 0.146597 0.128055 0.125611 0.125861 0.159900 0.117141 0.113487 0.152558 0.120833 0.105355 0.115220 0.111152 0.111562 ;
0.130372 0.127963 0.121780 0.153529 0.124940 0.147661 0.135074 0.146551 0.128030 0.125605 0.125887 0.159912 0.117137 0.113485 0.152528 0.120822 0.105353 0.115211 0.111159 0.111575 ;
0.130366 0.128037 0.121496 0.153408 0.125010 0.147673 0.135073 0.146922 0.128208 0.125631 0.125657 0.159842 0.117144 0.113555 0.152714 0.120981 0.105386 0.115348 0.111104 0.111457 ;
0.130359 0.128034 0.121536 0.153402 0.125001 0.147693 0.135077 0.146870 0.128191 0.125642 0.125678 0.159829 0.117143 0.113548 0.152690 0.120947 0.105378 0.115317 0.111114 0.111467 ;
0.130362 0.128039 0.121506 0.153395 0.125004 0.147686 0.135076 0.146910 0.128207 0.125641 0.125656 0.159824 0.117144 0.113553 0.152704 0.120966 0.105380 0.115334 0.111112 0.111455 ;
0.130359 0.128046 0.121485 0.153387 0.125011 0.147689 0.135076 0.146936 0.128220 0.125645 0.125638 0.159819 0.117144 0.113558 0.152719 0.120978 0.105382 0.115345 0.111105 0.111446 ;
0.130351 0.128049 0.121497 0.153376 0.125020 0.147716 0.135077 0.146931 0.128217 0.125655 0.125640 0.159817 0.117140 0.113559 0.152723 0.120966 0.105391 0.115333 0.111094 0.111437 ;
0.130355 0.128041 0.121520 0.153386 0.125012 0.147712 0.135077 0.146899 0.128201 0.125650 0.125661 0.159822 0.117140 0.113553 0.152704 0.120952 0.105389 0.115321 0.111102 0.111447 ;
0.130351 0.128036 0.121552 0.153393 0.125009 0.147720 0.135078 0.146857 0.128184 0.125651 0.125684 0.159828 0.117139 0.113547 0.152689 0.120932 0.105387 0.115304 0.111104 0.111460 ;
0.130358 0.128038 0.121517 0.153400 0.125015 0.147702 0.135074 0.146905 0.128199 0.125640 0.125665 0.159841 0.117140 0.113553 0.152710 0.120962 0.105394 0.115331 0.111097 0.111451 ;
];
X_settling = [];
X_settling_pattern = [];
