X = [0.189294 0.026391 0.064603 0.922066 0.974363 0.058385 0.900612 0.962555 0.968675 0.809924 0.892107 0.193231 0.876897 0.034738 0.943817 0.965081 0.961896 0.005841 0.154419 0.149639 ;
0.973955 0.017026 0.035733 0.977474 0.965201 0.085093 0.790548 0.974442 0.976034 0.767265 0.029823 0.055531 0.980990 0.294576 0.956724 0.030778 0.942152 0.808098 0.056240 0.062235 ;
0.382753 0.830409 0.038892 0.953846 0.941856 0.031347 0.240000 0.982754 0.993131 0.930941 0.938172 0.131527 0.017529 0.268883 0.986937 0.932722 0.963246 0.928606 0.069125 0.062498 ;
0.460073 0.900310 0.202753 0.944705 0.962379 0.050713 0.019985 0.950585 0.950838 0.814810 0.021487 0.102319 0.931009 0.940586 0.967951 0.844028 0.961578 0.015703 0.098237 0.026595 ;
0.449375 0.953590 0.204321 0.972785 0.871339 0.988932 0.099504 0.972052 0.085154 0.979394 0.013731 0.015837 0.951430 0.991000 0.292381 0.828066 0.040165 0.024728 0.012358 0.645739 ;
0.480375 0.835056 0.046478 0.979751 0.779633 0.979190 0.502358 0.991479 0.421866 0.994736 0.930550 0.027063 0.018348 0.825739 0.391058 0.945927 0.059313 0.974460 0.008759 0.730804 ;
0.966689 0.022633 0.074029 0.966992 0.890708 0.987944 0.921056 0.951442 0.113371 0.925732 0.025531 0.023879 0.972724 0.738617 0.225532 0.039753 0.021622 0.859485 0.016045 0.804488 ;
0.292824 0.009654 0.090779 0.947487 0.888735 0.970102 0.985234 0.962411 0.094275 0.968007 0.904749 0.073633 0.948820 0.084102 0.220922 0.934664 0.045767 0.032155 0.041144 0.899874 ;
0.855107 0.929988 0.940277 0.040757 0.021827 0.687304 0.093723 0.081258 0.099771 0.908212 0.014860 0.966966 0.973501 0.246874 0.939646 0.224835 0.983981 0.591445 0.971067 0.033317 ;
0.971414 0.468044 0.971984 0.035194 0.030288 0.838310 0.067673 0.125432 0.074308 0.942722 0.053715 0.977993 0.989317 0.957213 0.036708 0.206191 0.985496 0.022544 0.967824 0.047857 ;
0.683288 0.170669 0.932359 0.063288 0.018832 0.987382 0.109763 0.198160 0.060706 0.948969 0.039267 0.936520 0.977892 0.697441 0.065217 0.575649 0.964750 0.943706 0.932662 0.071909 ;
0.925854 0.039212 0.967758 0.036741 0.023154 0.064053 0.105391 0.114639 0.109669 0.947416 0.110621 0.976721 0.985344 0.162307 0.190184 0.275969 0.988203 0.805304 0.970110 0.079559 ;
0.970451 0.034559 0.973558 0.027417 0.946222 0.017462 0.848369 0.025878 0.094463 0.038575 0.861071 0.971024 0.010402 0.070131 0.360690 0.904193 0.023280 0.907628 0.948362 0.972984 ;
0.847209 0.371580 0.975482 0.017417 0.922243 0.973338 0.898665 0.015633 0.027528 0.037182 0.535438 0.958494 0.010441 0.275271 0.317161 0.942344 0.005993 0.888826 0.954494 0.980015 ;
0.982148 0.395292 0.977688 0.023073 0.946094 0.770243 0.855183 0.026347 0.063068 0.035169 0.701132 0.969584 0.018426 0.888602 0.053064 0.763878 0.020044 0.034293 0.955932 0.965067 ;
0.882616 0.986978 0.960712 0.027003 0.951225 0.642670 0.804804 0.019050 0.061759 0.066233 0.266689 0.928171 0.006704 0.098416 0.983276 0.848084 0.010576 0.491622 0.923922 0.961829 ;
];
X_settling = [];
X_settling_pattern = [];
