X = [0.978059 0.029425 0.042914 0.032135 0.942895 0.023274 0.043605 0.939900 0.024030 0.024447 0.961754 0.012670 0.414916 0.920914 0.024382 0.931007 0.980171 0.932938 0.954945 0.959033 ;
0.981278 0.020527 0.038638 0.969710 0.026627 0.020812 0.966864 0.976383 0.021628 0.022558 0.936682 0.062719 0.030565 0.269539 0.022607 0.971506 0.019154 0.962442 0.958153 0.974057 ;
0.017084 0.975692 0.027579 0.944270 0.040718 0.022124 0.938109 0.950402 0.020362 0.019711 0.961217 0.030293 0.055430 0.808440 0.019885 0.952683 0.976046 0.956836 0.935333 0.964463 ;
0.021366 0.032329 0.059521 0.972868 0.961119 0.026135 0.044483 0.976919 0.028281 0.028050 0.965445 0.071470 0.944413 0.972180 0.028970 0.948464 0.022618 0.954396 0.952482 0.968987 ;
0.021958 0.035900 0.979418 0.976737 0.975457 0.033049 0.041500 0.056780 0.033937 0.033371 0.982729 0.969058 0.944749 0.571172 0.034522 0.039380 0.024200 0.040295 0.042960 0.975296 ;
0.018612 0.978121 0.952808 0.953855 0.063149 0.027029 0.931403 0.023026 0.023606 0.022630 0.980184 0.937566 0.040263 0.097112 0.022856 0.043831 0.976721 0.043284 0.022573 0.970554 ;
0.981331 0.022775 0.969456 0.973984 0.043277 0.026475 0.965108 0.059883 0.026121 0.027015 0.969263 0.962561 0.036269 0.016869 0.027128 0.069979 0.021216 0.048555 0.056725 0.980151 ;
0.980103 0.033811 0.965750 0.037632 0.960930 0.027340 0.039480 0.019535 0.026749 0.026935 0.980049 0.844503 0.309762 0.219861 0.026883 0.031735 0.980956 0.029395 0.033098 0.966234 ;
0.040666 0.971529 0.955199 0.114529 0.018114 0.948944 0.971132 0.957657 0.952058 0.951627 0.021858 0.135025 0.978045 0.981660 0.952338 0.023858 0.029836 0.022927 0.978498 0.055489 ;
0.960794 0.027508 0.973277 0.041984 0.042183 0.966091 0.962824 0.910487 0.968383 0.968477 0.026442 0.620142 0.979270 0.975327 0.969221 0.024089 0.052715 0.023467 0.978708 0.032508 ;
0.307864 0.912298 0.960154 0.021191 0.028486 0.961967 0.957492 0.042617 0.963561 0.963192 0.022216 0.189802 0.973482 0.981975 0.964127 0.015887 0.965169 0.017451 0.971754 0.035747 ;
0.950360 0.830044 0.940686 0.022106 0.017265 0.962905 0.964358 0.045511 0.964363 0.963983 0.017822 0.058065 0.975244 0.976295 0.964282 0.020260 0.038126 0.020024 0.976388 0.953559 ;
0.944122 0.871280 0.017928 0.078823 0.951088 0.975955 0.025270 0.045175 0.975492 0.975507 0.021726 0.814459 0.018402 0.017230 0.974710 0.974115 0.038697 0.974148 0.019208 0.955222 ;
0.262301 0.934890 0.026498 0.077165 0.970947 0.975136 0.020262 0.043251 0.974741 0.974768 0.026901 0.943390 0.017488 0.022839 0.974404 0.967220 0.965262 0.970557 0.015863 0.035188 ;
0.954756 0.035836 0.030336 0.125201 0.976031 0.974385 0.023478 0.914499 0.974628 0.974940 0.030068 0.984125 0.022769 0.019422 0.974546 0.979232 0.050679 0.979085 0.028691 0.035698 ;
0.032273 0.976931 0.025961 0.454285 0.953393 0.963245 0.036293 0.960878 0.963449 0.963472 0.033646 0.935303 0.020532 0.020899 0.962571 0.980083 0.024003 0.979461 0.020239 0.067535 ;
];
X_settling = [];
X_settling_pattern = [];
