X = [0.114993 0.090587 0.188441 0.086472 0.207601 0.274745 0.067142 0.972219 0.154633 0.205034 0.044889 0.117668 0.234608 0.168751 0.074854 0.033173 0.204581 0.140467 0.162939 0.226218 ;
0.113800 0.084710 0.191355 0.092984 0.211779 0.640230 0.132121 0.278178 0.109896 0.203530 0.934158 0.098903 0.186817 0.181323 0.088323 0.089207 0.233597 0.178944 0.151862 0.267570 ;
0.114936 0.090628 0.188519 0.086325 0.207660 0.275964 0.067129 0.972244 0.154617 0.205197 0.045016 0.117632 0.235166 0.168830 0.074772 0.033088 0.204511 0.140532 0.162928 0.226232 ;
0.113786 0.084700 0.191391 0.092940 0.211775 0.640223 0.132043 0.278864 0.109939 0.203591 0.934122 0.098911 0.186775 0.181315 0.088293 0.089100 0.233569 0.178931 0.151854 0.267524 ;
0.113791 0.084703 0.191369 0.092959 0.211779 0.640252 0.132077 0.278547 0.109918 0.203563 0.934137 0.098910 0.186806 0.181316 0.088307 0.089150 0.233584 0.178935 0.151853 0.267549 ;
0.110586 0.089157 0.240652 0.060199 0.204080 0.616724 0.087065 0.826196 0.145027 0.272244 0.906306 0.100083 0.156027 0.181696 0.064741 0.030059 0.203605 0.178700 0.157541 0.230672 ;
0.113787 0.084703 0.191400 0.092937 0.211770 0.640191 0.132038 0.278925 0.109945 0.203599 0.934121 0.098909 0.186757 0.181315 0.088291 0.089091 0.233561 0.178932 0.151857 0.267512 ;
0.115054 0.090844 0.188393 0.086268 0.207286 0.274462 0.067122 0.972247 0.154851 0.205460 0.044942 0.117691 0.234352 0.168400 0.074833 0.033116 0.204191 0.140385 0.162595 0.225837 ;
0.114721 0.090012 0.187703 0.086623 0.208365 0.278502 0.067057 0.972206 0.154197 0.204523 0.044874 0.117929 0.236798 0.168760 0.074926 0.033282 0.205472 0.140374 0.162505 0.227379 ;
0.114843 0.090086 0.188123 0.086787 0.208202 0.276231 0.067131 0.972173 0.154255 0.204355 0.044796 0.117768 0.235603 0.169039 0.074939 0.033310 0.205357 0.140477 0.163044 0.227075 ;
0.110477 0.088621 0.239370 0.060924 0.204513 0.617693 0.087666 0.819432 0.144262 0.270089 0.906875 0.100078 0.156533 0.181756 0.065230 0.030833 0.204583 0.178626 0.157371 0.231597 ;
0.113629 0.084609 0.192069 0.092320 0.211658 0.639521 0.130938 0.289187 0.110604 0.204503 0.933620 0.098956 0.185884 0.181275 0.087849 0.087518 0.233098 0.178810 0.151857 0.266745 ;
0.113642 0.084629 0.192059 0.092345 0.211642 0.639428 0.130993 0.288750 0.110586 0.204476 0.933650 0.098947 0.185863 0.181276 0.087869 0.087584 0.233095 0.178821 0.151866 0.266747 ;
0.113625 0.084594 0.192012 0.092342 0.211686 0.639711 0.130969 0.288774 0.110567 0.204457 0.933628 0.098967 0.185996 0.181269 0.087865 0.087581 0.233143 0.178803 0.151837 0.266811 ;
0.114816 0.090125 0.187970 0.086736 0.208203 0.277314 0.067125 0.972168 0.154328 0.204474 0.044885 0.117783 0.236099 0.168824 0.074938 0.033322 0.205311 0.140426 0.162663 0.227113 ;
0.114729 0.090084 0.187684 0.086547 0.208287 0.278591 0.067048 0.972218 0.154253 0.204662 0.044900 0.117939 0.236810 0.168659 0.074913 0.033257 0.205361 0.140353 0.162393 0.227283 ;
];
X_settling = [];
X_settling_pattern = [];
