X = [0.123559 0.118867 0.135150 0.153576 0.116286 0.135937 0.124505 0.144832 0.109307 0.126814 0.144733 0.119203 0.114858 0.119567 0.128252 0.111567 0.105376 0.098782 0.114495 0.110338 ;
0.123559 0.118871 0.135154 0.153577 0.116285 0.135936 0.124506 0.144801 0.109306 0.126815 0.144742 0.119203 0.114857 0.119566 0.128265 0.111566 0.105377 0.098782 0.114495 0.110343 ;
0.123559 0.118865 0.135159 0.153578 0.116285 0.135936 0.124507 0.144836 0.109308 0.126813 0.144747 0.119203 0.114857 0.119564 0.128253 0.111561 0.105382 0.098778 0.114495 0.110329 ;
0.123559 0.118866 0.135154 0.153579 0.116286 0.135937 0.124506 0.144839 0.109305 0.126814 0.144740 0.119203 0.114857 0.119566 0.128253 0.111565 0.105378 0.098780 0.114495 0.110336 ;
0.123557 0.118855 0.135260 0.153665 0.116285 0.135909 0.124508 0.144714 0.109259 0.126804 0.144851 0.119203 0.114848 0.119537 0.128217 0.111515 0.105349 0.098757 0.114493 0.110378 ;
0.123558 0.118864 0.135177 0.153595 0.116285 0.135929 0.124507 0.144812 0.109296 0.126812 0.144769 0.119203 0.114855 0.119559 0.128247 0.111553 0.105375 0.098774 0.114494 0.110342 ;
0.123557 0.118860 0.135258 0.153658 0.116285 0.135909 0.124508 0.144681 0.109264 0.126806 0.144848 0.119203 0.114848 0.119537 0.128230 0.111517 0.105349 0.098758 0.114493 0.110382 ;
0.123558 0.118864 0.135173 0.153590 0.116285 0.135931 0.124507 0.144820 0.109300 0.126812 0.144762 0.119203 0.114856 0.119560 0.128249 0.111555 0.105377 0.098775 0.114494 0.110337 ;
0.123558 0.118868 0.135137 0.153549 0.116286 0.135941 0.124507 0.144902 0.109312 0.126815 0.144731 0.119203 0.114858 0.119566 0.128270 0.111569 0.105404 0.098780 0.114495 0.110274 ;
0.123559 0.118866 0.135140 0.153560 0.116286 0.135941 0.124507 0.144882 0.109317 0.126815 0.144730 0.119203 0.114858 0.119569 0.128260 0.111569 0.105393 0.098781 0.114495 0.110315 ;
0.123559 0.118866 0.135138 0.153558 0.116286 0.135941 0.124507 0.144885 0.109319 0.126815 0.144727 0.119203 0.114858 0.119569 0.128260 0.111570 0.105394 0.098782 0.114495 0.110314 ;
0.123559 0.118867 0.135137 0.153553 0.116286 0.135943 0.124508 0.144891 0.109325 0.126815 0.144724 0.119203 0.114858 0.119569 0.128263 0.111571 0.105396 0.098781 0.114495 0.110302 ;
0.123559 0.118869 0.135122 0.153543 0.116286 0.135950 0.124510 0.144932 0.109339 0.126817 0.144708 0.119203 0.114860 0.119575 0.128270 0.111579 0.105401 0.098784 0.114495 0.110282 ;
0.123559 0.118868 0.135123 0.153549 0.116286 0.135948 0.124509 0.144924 0.109331 0.126816 0.144711 0.119203 0.114860 0.119574 0.128267 0.111578 0.105398 0.098784 0.114495 0.110297 ;
0.123559 0.118868 0.135125 0.153551 0.116286 0.135948 0.124509 0.144921 0.109329 0.126816 0.144714 0.119203 0.114860 0.119574 0.128267 0.111577 0.105397 0.098784 0.114495 0.110297 ;
0.123558 0.118870 0.135123 0.153541 0.116286 0.135948 0.124509 0.144940 0.109324 0.126816 0.144715 0.119203 0.114860 0.119571 0.128277 0.111577 0.105408 0.098782 0.114495 0.110257 ;
];
X_settling = [];
X_settling_pattern = [];
