X = [0.956064 0.126894 0.139357 0.141048 0.101043 0.652319 0.114543 0.089829 0.320194 0.319382 0.037258 0.052223 0.493821 0.106729 0.284251 0.231077 0.116311 0.152680 0.015097 0.094493 ;
0.956067 0.126910 0.139375 0.141075 0.101023 0.652198 0.114553 0.089841 0.320240 0.319329 0.037260 0.052213 0.493682 0.106730 0.284281 0.231099 0.116287 0.152684 0.015097 0.094473 ;
0.956157 0.016835 0.018493 0.023745 0.708427 0.929209 0.029646 0.083934 0.034129 0.898416 0.039474 0.877079 0.896738 0.050626 0.105293 0.083221 0.829651 0.036888 0.021971 0.740394 ;
0.956164 0.016824 0.018484 0.023737 0.708636 0.929238 0.029638 0.083939 0.034107 0.898480 0.039479 0.877211 0.896782 0.050625 0.105261 0.083198 0.829803 0.036872 0.021970 0.740552 ;
0.956394 0.128633 0.140858 0.143550 0.098852 0.639743 0.115196 0.091034 0.325386 0.314622 0.037470 0.051191 0.479479 0.106689 0.288044 0.233680 0.113717 0.153046 0.015037 0.092271 ;
0.956405 0.128688 0.140903 0.143629 0.098784 0.639330 0.115215 0.091073 0.325551 0.314474 0.037477 0.051160 0.479013 0.106687 0.288167 0.233763 0.113636 0.153056 0.015035 0.092202 ;
0.956396 0.128644 0.140867 0.143566 0.098839 0.639663 0.115200 0.091041 0.325418 0.314593 0.037471 0.051185 0.479389 0.106689 0.288067 0.233696 0.113701 0.153048 0.015037 0.092257 ;
0.956411 0.128719 0.140929 0.143674 0.098744 0.639089 0.115225 0.091097 0.325648 0.314388 0.037481 0.051142 0.478741 0.106686 0.288238 0.233812 0.113589 0.153062 0.015034 0.092161 ;
0.961000 0.078919 0.697022 0.618491 0.444406 0.857154 0.824676 0.100142 0.056388 0.080963 0.034035 0.013577 0.791691 0.824654 0.099392 0.098240 0.352785 0.752461 0.316580 0.340194 ;
0.961002 0.078908 0.697083 0.618565 0.444494 0.857178 0.824742 0.100147 0.056367 0.080952 0.034034 0.013576 0.791727 0.824738 0.099376 0.098224 0.352850 0.752543 0.316698 0.340268 ;
0.961009 0.078867 0.697309 0.618841 0.444818 0.857266 0.824988 0.100163 0.056291 0.080911 0.034033 0.013573 0.791856 0.825049 0.099318 0.098163 0.353088 0.752850 0.317137 0.340540 ;
0.960998 0.078936 0.696945 0.618396 0.444281 0.857119 0.824589 0.100137 0.056418 0.080976 0.034035 0.013578 0.791640 0.824540 0.099415 0.098264 0.352692 0.752348 0.316418 0.340088 ;
0.956265 0.016691 0.018374 0.023630 0.711338 0.929621 0.029530 0.084001 0.033813 0.899295 0.039544 0.878896 0.897350 0.050614 0.104850 0.082898 0.831756 0.036679 0.021957 0.742584 ;
0.956253 0.016704 0.018385 0.023640 0.711067 0.929582 0.029540 0.083996 0.033842 0.899215 0.039538 0.878735 0.897292 0.050614 0.104892 0.082928 0.831561 0.036697 0.021959 0.742382 ;
0.956254 0.016705 0.018386 0.023642 0.711037 0.929578 0.029542 0.083994 0.033846 0.899203 0.039537 0.878708 0.897286 0.050616 0.104896 0.082931 0.831538 0.036700 0.021959 0.742357 ;
0.956262 0.016685 0.018368 0.023624 0.711447 0.929634 0.029523 0.084006 0.033801 0.899336 0.039547 0.878993 0.897372 0.050610 0.104835 0.082886 0.831837 0.036667 0.021957 0.742674 ;
];
X_settling = [];
X_settling_pattern = [];
