X = [0.328951 0.126912 0.172064 0.160115 0.132305 0.146693 0.180513 0.102622 0.120234 0.198869 0.106224 0.141126 0.141531 0.117557 0.177113 0.138274 0.148744 0.151903 0.095466 0.162004 ;
0.337640 0.126777 0.174037 0.161930 0.132000 0.146121 0.182291 0.102403 0.120326 0.197753 0.105947 0.139045 0.140653 0.117609 0.177287 0.138977 0.148861 0.152492 0.093717 0.161678 ;
0.329380 0.126911 0.172067 0.160114 0.132297 0.146668 0.180511 0.102610 0.120238 0.198876 0.106212 0.141058 0.141486 0.117547 0.177153 0.138310 0.148747 0.151901 0.095370 0.161999 ;
0.329040 0.126912 0.172064 0.160114 0.132303 0.146688 0.180512 0.102619 0.120235 0.198871 0.106222 0.141112 0.141521 0.117555 0.177122 0.138282 0.148745 0.151903 0.095446 0.162003 ;
0.328948 0.126921 0.171987 0.160040 0.132304 0.146693 0.180436 0.102620 0.120238 0.198920 0.106226 0.141149 0.141525 0.117546 0.177148 0.138279 0.148735 0.151879 0.095458 0.162006 ;
0.331070 0.126903 0.171005 0.158962 0.132467 0.146684 0.179535 0.102535 0.120139 0.199717 0.106181 0.141301 0.141387 0.117388 0.177463 0.138352 0.148871 0.151553 0.094918 0.162246 ;
0.340410 0.126890 0.172132 0.160084 0.132068 0.146028 0.180415 0.102294 0.120366 0.199078 0.105890 0.139360 0.140323 0.117266 0.178195 0.139249 0.148812 0.151847 0.092967 0.161859 ;
0.340111 0.126890 0.172131 0.160085 0.132074 0.146046 0.180419 0.102303 0.120362 0.199072 0.105899 0.139405 0.140354 0.117274 0.178166 0.139224 0.148811 0.151849 0.093031 0.161863 ;
0.339920 0.126890 0.172139 0.160094 0.132078 0.146056 0.180430 0.102308 0.120359 0.199063 0.105904 0.139430 0.140375 0.117280 0.178144 0.139207 0.148810 0.151853 0.093072 0.161865 ;
0.340391 0.126890 0.172132 0.160084 0.132068 0.146029 0.180416 0.102295 0.120365 0.199078 0.105891 0.139363 0.140325 0.117266 0.178193 0.139248 0.148812 0.151847 0.092971 0.161859 ;
0.340326 0.126890 0.172132 0.160084 0.132070 0.146033 0.180416 0.102297 0.120365 0.199077 0.105893 0.139373 0.140332 0.117268 0.178186 0.139242 0.148812 0.151847 0.092985 0.161860 ;
0.340228 0.126890 0.172132 0.160085 0.132072 0.146039 0.180418 0.102299 0.120363 0.199075 0.105896 0.139387 0.140342 0.117271 0.178177 0.139234 0.148811 0.151848 0.093006 0.161861 ;
0.339827 0.126892 0.172112 0.160068 0.132082 0.146062 0.180404 0.102310 0.120359 0.199079 0.105907 0.139454 0.140384 0.117278 0.178145 0.139200 0.148808 0.151844 0.093090 0.161868 ;
0.329028 0.126915 0.172029 0.160080 0.132306 0.146690 0.180478 0.102619 0.120235 0.198894 0.106223 0.141127 0.141522 0.117550 0.177133 0.138281 0.148743 0.151891 0.095446 0.162007 ;
0.339714 0.126891 0.172129 0.160086 0.132083 0.146069 0.180422 0.102314 0.120357 0.199065 0.105910 0.139464 0.140396 0.117284 0.178128 0.139190 0.148809 0.151851 0.093115 0.161868 ;
0.329058 0.126914 0.172041 0.160092 0.132304 0.146688 0.180490 0.102618 0.120235 0.198886 0.106221 0.141118 0.141519 0.117551 0.177131 0.138284 0.148744 0.151895 0.095440 0.162005 ;
];
X_settling = [];
X_settling_pattern = [];
