X = [0.116049 0.123411 0.174163 0.127935 0.121951 0.126912 0.172548 0.124047 0.112865 0.150698 0.129841 0.128362 0.138933 0.122772 0.139386 0.121024 0.136539 0.115221 0.120967 0.153967 ;
0.116145 0.123163 0.174954 0.128117 0.122022 0.126927 0.173017 0.124079 0.112860 0.150619 0.129859 0.128210 0.138990 0.122793 0.139059 0.120946 0.136716 0.115158 0.120808 0.154058 ;
0.116051 0.123397 0.174694 0.127989 0.121883 0.126949 0.173125 0.123927 0.112847 0.150723 0.129967 0.128033 0.138875 0.122816 0.139190 0.120861 0.136500 0.115228 0.120994 0.153863 ;
0.116090 0.123406 0.174321 0.127983 0.121933 0.126923 0.172769 0.123986 0.112851 0.150636 0.129883 0.128101 0.138887 0.122787 0.139368 0.120951 0.136536 0.115249 0.120845 0.153915 ;
0.116117 0.123285 0.174458 0.128006 0.122014 0.126918 0.172760 0.124059 0.112849 0.150668 0.129832 0.128334 0.138986 0.122781 0.139263 0.121007 0.136663 0.115189 0.120840 0.154049 ;
0.116111 0.123272 0.174521 0.128012 0.122013 0.126922 0.172782 0.124065 0.112847 0.150687 0.129838 0.128370 0.139000 0.122783 0.139223 0.121003 0.136675 0.115178 0.120878 0.154061 ;
0.116116 0.123235 0.174645 0.128045 0.122016 0.126921 0.172826 0.124079 0.112856 0.150665 0.129839 0.128338 0.138997 0.122784 0.139172 0.120991 0.136685 0.115170 0.120863 0.154063 ;
0.116083 0.123405 0.173988 0.127944 0.121985 0.126893 0.172413 0.124069 0.112880 0.150636 0.129791 0.128373 0.138921 0.122757 0.139491 0.121078 0.136547 0.115232 0.120841 0.153976 ;
0.116066 0.123207 0.174670 0.128085 0.122008 0.126898 0.172672 0.124161 0.112894 0.150600 0.129802 0.128364 0.138962 0.122767 0.139160 0.121017 0.136647 0.115160 0.120903 0.154053 ;
0.116113 0.123234 0.174614 0.128044 0.122020 0.126919 0.172780 0.124091 0.112859 0.150666 0.129831 0.128371 0.139002 0.122781 0.139181 0.121004 0.136687 0.115166 0.120875 0.154070 ;
0.116126 0.123213 0.174703 0.128064 0.122024 0.126921 0.172854 0.124085 0.112857 0.150650 0.129837 0.128320 0.139000 0.122785 0.139152 0.120988 0.136699 0.115165 0.120842 0.154069 ;
0.116130 0.123219 0.174663 0.128057 0.122027 0.126919 0.172832 0.124085 0.112858 0.150648 0.129832 0.128325 0.138997 0.122783 0.139170 0.120995 0.136697 0.115168 0.120828 0.154068 ;
0.116039 0.123390 0.174226 0.127931 0.121959 0.126920 0.172567 0.124054 0.112854 0.150747 0.129847 0.128467 0.138975 0.122774 0.139327 0.121026 0.136576 0.115199 0.121035 0.154010 ;
0.116029 0.123403 0.174201 0.127922 0.121950 0.126921 0.172548 0.124052 0.112854 0.150756 0.129851 0.128478 0.138972 0.122774 0.139335 0.121027 0.136564 0.115202 0.121059 0.154004 ;
0.116017 0.123420 0.174160 0.127910 0.121942 0.126921 0.172514 0.124051 0.112855 0.150769 0.129852 0.128503 0.138971 0.122772 0.139348 0.121031 0.136550 0.115203 0.121092 0.153999 ;
0.116020 0.123417 0.174170 0.127914 0.121943 0.126921 0.172522 0.124051 0.112855 0.150762 0.129852 0.128489 0.138968 0.122773 0.139347 0.121029 0.136552 0.115204 0.121080 0.153998 ;
];
X_settling = [];
X_settling_pattern = [];
