X = [0.365354 0.209907 0.054660 0.624275 0.797410 0.044981 0.933637 0.626247 0.405682 0.784586 0.876317 0.093763 0.966793 0.194540 0.957866 0.879281 0.961666 0.003808 0.089702 0.351735 ;
0.627304 0.065236 0.055544 0.579612 0.789620 0.061221 0.664136 0.628770 0.435196 0.724278 0.176267 0.034972 0.926951 0.370910 0.962418 0.556683 0.925990 0.858467 0.033797 0.202987 ;
0.539489 0.964060 0.068423 0.543079 0.647715 0.033150 0.220186 0.723074 0.603856 0.913248 0.844923 0.098239 0.019792 0.378054 0.986217 0.684717 0.965623 0.417646 0.066613 0.226719 ;
0.317839 0.610187 0.189830 0.493623 0.766182 0.052718 0.153665 0.463018 0.321525 0.755036 0.025661 0.041021 0.982242 0.965117 0.968054 0.855278 0.952145 0.083335 0.067327 0.143876 ;
0.455581 0.831727 0.193310 0.940694 0.829824 0.550076 0.226630 0.562354 0.146233 0.798535 0.014762 0.022012 0.953396 0.992802 0.655325 0.828844 0.034079 0.172719 0.027346 0.336213 ;
0.382681 0.954587 0.110061 0.923185 0.710459 0.310009 0.526692 0.758817 0.397189 0.934936 0.859301 0.046305 0.009259 0.866533 0.806706 0.734619 0.048403 0.334130 0.011454 0.371496 ;
0.421415 0.068821 0.165433 0.884292 0.876790 0.600440 0.872429 0.557141 0.290132 0.615645 0.134193 0.042597 0.874823 0.816818 0.483865 0.745977 0.021582 0.933321 0.036516 0.465391 ;
0.356864 0.115719 0.120481 0.949283 0.826019 0.277747 0.980814 0.571416 0.221773 0.780669 0.912203 0.056159 0.950856 0.385792 0.630468 0.917153 0.035391 0.014617 0.036751 0.637599 ;
0.579829 0.343184 0.951907 0.118087 0.035474 0.714799 0.316596 0.074850 0.280275 0.972922 0.134677 0.961054 0.812570 0.511696 0.961101 0.139549 0.727828 0.396382 0.885712 0.065244 ;
0.937869 0.404491 0.951592 0.180732 0.027380 0.819747 0.239771 0.099619 0.236442 0.974517 0.094930 0.982435 0.905081 0.966690 0.048883 0.050247 0.680050 0.027207 0.895979 0.051404 ;
0.030169 0.171579 0.924090 0.182456 0.036443 0.634934 0.405230 0.138917 0.141269 0.971017 0.064861 0.962332 0.860018 0.645057 0.332125 0.241973 0.509673 0.492984 0.764885 0.061152 ;
0.827242 0.406504 0.950796 0.151820 0.022087 0.071977 0.304898 0.124993 0.215458 0.971498 0.049837 0.969408 0.882171 0.181089 0.218637 0.282414 0.722427 0.598479 0.910083 0.053056 ;
0.859598 0.426708 0.749481 0.157426 0.929989 0.017720 0.976535 0.053441 0.286811 0.118362 0.784268 0.899701 0.021634 0.205911 0.255207 0.936960 0.135629 0.492840 0.923805 0.849649 ;
0.052097 0.164992 0.633923 0.126810 0.920582 0.605910 0.985598 0.036191 0.189829 0.082146 0.810672 0.916041 0.042920 0.641948 0.545180 0.909595 0.051943 0.526387 0.926063 0.853108 ;
0.934180 0.408304 0.630360 0.172494 0.921792 0.756403 0.963649 0.060893 0.300171 0.159443 0.812967 0.932506 0.060081 0.960950 0.032997 0.581719 0.117914 0.066336 0.936641 0.826385 ;
0.673742 0.574738 0.635614 0.116521 0.903891 0.655085 0.972429 0.025603 0.327360 0.111084 0.790860 0.879055 0.019170 0.624124 0.979646 0.871570 0.078501 0.349613 0.950631 0.783603 ;
];
X_settling = [];
X_settling_pattern = [];
