X = [0.109649 0.150279 0.317622 0.068042 0.171129 0.242059 0.076365 0.970895 0.198146 0.234987 0.072163 0.105784 0.210720 0.172556 0.078478 0.031041 0.192401 0.143592 0.164831 0.205279 ;
0.090837 0.095369 0.223275 0.082175 0.195399 0.604571 0.138214 0.279184 0.106490 0.229462 0.940842 0.092618 0.174444 0.189889 0.101574 0.090919 0.241125 0.181067 0.162738 0.266065 ;
0.085736 0.151765 0.372807 0.044624 0.173963 0.568975 0.098254 0.828807 0.188371 0.312638 0.946787 0.093831 0.134039 0.188804 0.065984 0.027435 0.198550 0.184567 0.183067 0.215771 ;
0.090820 0.095351 0.223313 0.082150 0.195432 0.604812 0.138167 0.279515 0.106502 0.229490 0.940826 0.092629 0.174530 0.189898 0.101546 0.090856 0.241141 0.181059 0.162726 0.266084 ;
0.090818 0.095349 0.223322 0.082146 0.195436 0.604840 0.138160 0.279575 0.106506 0.229495 0.940824 0.092630 0.174539 0.189900 0.101540 0.090845 0.241143 0.181059 0.162726 0.266085 ;
0.085732 0.151741 0.372793 0.044622 0.173985 0.569104 0.098243 0.828853 0.188358 0.312639 0.946776 0.093836 0.134086 0.188810 0.065982 0.027431 0.198566 0.184565 0.183055 0.215794 ;
0.090841 0.095359 0.223216 0.082187 0.195402 0.604600 0.138234 0.278952 0.106465 0.229444 0.940843 0.092621 0.174470 0.189881 0.101593 0.090960 0.241135 0.181065 0.162725 0.266085 ;
0.109768 0.150888 0.316842 0.067733 0.170565 0.241694 0.076284 0.970849 0.198814 0.235613 0.072392 0.106062 0.210245 0.171549 0.078703 0.031091 0.191882 0.143286 0.163758 0.204790 ;
0.109723 0.148748 0.315448 0.068219 0.171969 0.244255 0.076145 0.970894 0.197125 0.234497 0.071264 0.106191 0.212417 0.172218 0.078845 0.031250 0.193462 0.143267 0.163567 0.206461 ;
0.109717 0.148802 0.315664 0.068246 0.171950 0.244053 0.076170 0.970895 0.197148 0.234462 0.071284 0.106136 0.212304 0.172320 0.078809 0.031238 0.193428 0.143311 0.163738 0.206410 ;
0.085736 0.149459 0.370129 0.045340 0.174938 0.570606 0.098619 0.823750 0.186328 0.310275 0.946276 0.093783 0.134960 0.189179 0.066464 0.028037 0.199865 0.184446 0.182678 0.216997 ;
0.090630 0.095857 0.225780 0.081463 0.195152 0.603768 0.137207 0.290293 0.107714 0.230479 0.940765 0.092632 0.173425 0.189969 0.100754 0.089033 0.240544 0.181039 0.163084 0.265071 ;
0.090708 0.096120 0.225976 0.081478 0.194813 0.601821 0.137342 0.290085 0.107901 0.230516 0.940870 0.092580 0.172576 0.189852 0.100811 0.089114 0.240255 0.181068 0.163192 0.264678 ;
0.090597 0.095700 0.225534 0.081480 0.195331 0.604840 0.137177 0.289878 0.107564 0.230423 0.940709 0.092672 0.173923 0.189997 0.100771 0.089083 0.240713 0.181013 0.162985 0.265316 ;
0.109727 0.148897 0.315601 0.068209 0.171865 0.243985 0.076165 0.970886 0.197246 0.234540 0.071336 0.106164 0.212217 0.172197 0.078833 0.031244 0.193346 0.143277 0.163623 0.206329 ;
0.109727 0.148482 0.315171 0.068272 0.172126 0.244606 0.076120 0.970893 0.196937 0.234375 0.071117 0.106234 0.212697 0.172222 0.078890 0.031284 0.193651 0.143235 0.163436 0.206664 ;
];
X_settling = [];
X_settling_pattern = [];
