X = [0.024611 0.971742 0.171072 0.206653 0.054837 0.152554 0.464218 0.087932 0.174064 0.142560 0.454017 0.224459 0.129621 0.219848 0.113231 0.138357 0.907539 0.180513 0.139234 0.168564 ;
0.024623 0.971736 0.171220 0.206152 0.054831 0.152336 0.463774 0.087896 0.173943 0.142269 0.454238 0.223693 0.129857 0.220477 0.113037 0.138241 0.907852 0.180328 0.139527 0.168693 ;
0.024664 0.971678 0.171129 0.208781 0.055160 0.150002 0.464340 0.088083 0.171816 0.140650 0.458111 0.225626 0.128690 0.218436 0.111834 0.138321 0.908206 0.180443 0.138396 0.169562 ;
0.183919 0.045244 0.121171 0.075309 0.844227 0.919832 0.029805 0.807338 0.879353 0.922752 0.108475 0.915035 0.210555 0.046474 0.766834 0.654554 0.044999 0.791670 0.051453 0.020094 ;
0.184918 0.045039 0.121024 0.075192 0.844645 0.919849 0.029732 0.807715 0.879306 0.922749 0.108568 0.915218 0.209747 0.046259 0.766772 0.655433 0.045241 0.792397 0.051353 0.020110 ;
0.024649 0.971657 0.170875 0.208680 0.055286 0.150241 0.463309 0.087852 0.171842 0.140939 0.457636 0.226887 0.128276 0.217057 0.112073 0.138479 0.907957 0.180671 0.137402 0.169303 ;
0.024582 0.971719 0.170690 0.206184 0.054963 0.153207 0.462623 0.087586 0.174376 0.143171 0.452794 0.225809 0.129157 0.218160 0.113721 0.138613 0.907125 0.180881 0.138000 0.168091 ;
0.024625 0.971704 0.171136 0.205600 0.054974 0.152157 0.462215 0.087623 0.173676 0.142090 0.454282 0.224139 0.129635 0.219687 0.112959 0.138267 0.908010 0.180339 0.138783 0.168646 ;
0.016893 0.851742 0.460392 0.065441 0.065272 0.927862 0.602675 0.595806 0.936964 0.895746 0.065763 0.274766 0.732208 0.836895 0.748034 0.116814 0.061141 0.134014 0.749295 0.057514 ;
0.184018 0.045225 0.121117 0.075310 0.844343 0.919831 0.029784 0.807408 0.879326 0.922742 0.108495 0.915049 0.210355 0.046424 0.766796 0.654771 0.045023 0.791857 0.051426 0.020098 ;
0.017010 0.852579 0.459977 0.065107 0.065682 0.928334 0.599257 0.584032 0.937192 0.896358 0.065216 0.277458 0.731542 0.834472 0.749746 0.116584 0.061969 0.133772 0.744002 0.057815 ;
0.016947 0.852972 0.461900 0.065299 0.064948 0.927868 0.603306 0.587930 0.937038 0.895659 0.065519 0.274422 0.733144 0.837629 0.748042 0.115704 0.061877 0.132515 0.748221 0.057922 ;
0.041541 0.689791 0.110241 0.085126 0.650984 0.926945 0.052598 0.177443 0.869530 0.903720 0.074093 0.723062 0.168738 0.051171 0.743509 0.525593 0.092575 0.656174 0.041154 0.065790 ;
0.041495 0.690278 0.110246 0.085146 0.650663 0.926949 0.052653 0.177320 0.869543 0.903718 0.074079 0.722963 0.168693 0.051175 0.743508 0.525509 0.092584 0.656075 0.041158 0.065799 ;
0.185275 0.044832 0.121016 0.075147 0.844843 0.919876 0.029719 0.808506 0.879366 0.922804 0.108653 0.915401 0.209544 0.046196 0.766848 0.655847 0.045243 0.792771 0.051353 0.020079 ;
0.184877 0.045050 0.121021 0.075200 0.844644 0.919848 0.029732 0.807696 0.879301 0.922746 0.108565 0.915208 0.209752 0.046262 0.766766 0.655425 0.045233 0.792390 0.051352 0.020110 ;
];
X_settling = [];
X_settling_pattern = [];
