X = [0.014087 0.002929 0.185246 0.990379 0.995074 0.015767 0.006397 0.014834 0.061580 0.026218 0.003453 0.014462 0.992281 0.015721 0.930742 0.046494 0.009101 0.008753 0.999882 0.915581 ;
0.069833 0.007906 0.183033 0.997903 0.058013 0.028972 0.011770 0.049061 0.068023 0.017661 0.003570 0.018089 0.997725 0.024712 0.985821 0.042584 0.041881 0.011368 0.999915 0.066483 ;
0.069848 0.007902 0.183023 0.997906 0.057898 0.028970 0.011767 0.049070 0.068025 0.017654 0.003570 0.018082 0.997725 0.024711 0.985837 0.042555 0.041887 0.011362 0.999915 0.066436 ;
0.069951 0.007876 0.182956 0.997925 0.057135 0.028954 0.011751 0.049128 0.068036 0.017606 0.003572 0.018037 0.997725 0.024708 0.985942 0.042359 0.041933 0.011316 0.999915 0.066125 ;
0.014093 0.002931 0.185315 0.990376 0.995065 0.015771 0.006398 0.014836 0.061589 0.026221 0.003453 0.014465 0.992291 0.015724 0.930738 0.046531 0.009107 0.008757 0.999882 0.915525 ;
0.014095 0.002930 0.185384 0.990381 0.995069 0.015770 0.006399 0.014838 0.061589 0.026215 0.003453 0.014461 0.992293 0.015724 0.930749 0.046525 0.009106 0.008756 0.999881 0.915507 ;
0.016111 0.003463 0.031550 0.986888 0.997285 0.018758 0.017539 0.020760 0.065047 0.038208 0.016980 0.018057 0.061961 0.028225 0.729453 0.043513 0.005441 0.012283 0.999951 0.952283 ;
0.016111 0.003463 0.031547 0.986888 0.997285 0.018757 0.017535 0.020760 0.065044 0.038204 0.016971 0.018053 0.062018 0.028223 0.729527 0.043511 0.005442 0.012282 0.999951 0.952280 ;
0.016110 0.003462 0.031546 0.986889 0.997285 0.018756 0.017534 0.020759 0.065043 0.038202 0.016967 0.018052 0.062044 0.028221 0.729558 0.043509 0.005442 0.012281 0.999951 0.952278 ;
0.014088 0.002929 0.185262 0.990379 0.995073 0.015768 0.006398 0.014835 0.061581 0.026218 0.003453 0.014462 0.992282 0.015722 0.930741 0.046500 0.009102 0.008754 0.999882 0.915570 ;
0.014088 0.002929 0.185255 0.990379 0.995074 0.015767 0.006398 0.014834 0.061581 0.026218 0.003453 0.014462 0.992281 0.015721 0.930741 0.046497 0.009101 0.008754 0.999882 0.915577 ;
0.014096 0.002932 0.185343 0.990377 0.995064 0.015773 0.006399 0.014837 0.061589 0.026221 0.003453 0.014465 0.992293 0.015725 0.930737 0.046536 0.009108 0.008759 0.999881 0.915493 ;
0.069845 0.007903 0.183025 0.997905 0.057921 0.028971 0.011768 0.049068 0.068024 0.017655 0.003570 0.018083 0.997725 0.024711 0.985834 0.042561 0.041886 0.011363 0.999915 0.066446 ;
0.069941 0.007879 0.182964 0.997923 0.057214 0.028956 0.011753 0.049122 0.068035 0.017611 0.003572 0.018042 0.997725 0.024708 0.985931 0.042381 0.041929 0.011321 0.999915 0.066156 ;
0.069852 0.007905 0.183040 0.997904 0.057916 0.028976 0.011770 0.049070 0.068027 0.017657 0.003570 0.018087 0.997725 0.024712 0.985830 0.042573 0.041893 0.011365 0.999915 0.066438 ;
0.069832 0.007906 0.183033 0.997903 0.058016 0.028972 0.011770 0.049061 0.068023 0.017661 0.003569 0.018089 0.997725 0.024712 0.985821 0.042585 0.041880 0.011369 0.999915 0.066484 ;
];
X_settling = [];
X_settling_pattern = [];
