X = [0.042696 0.075464 0.040082 0.954316 0.902127 0.057980 0.027036 0.043488 0.072252 0.108433 0.151471 0.058258 0.342951 0.027492 0.408896 0.056319 0.118051 0.052501 0.998556 0.303797 ;
0.042677 0.075457 0.040078 0.954318 0.902344 0.057960 0.027034 0.043474 0.072263 0.108416 0.151473 0.058245 0.342971 0.027484 0.408968 0.056291 0.118042 0.052479 0.998555 0.303941 ;
0.042704 0.075467 0.040084 0.954315 0.902035 0.057989 0.027037 0.043494 0.072248 0.108439 0.151470 0.058263 0.342943 0.027495 0.408867 0.056330 0.118054 0.052510 0.998556 0.303737 ;
0.042677 0.075457 0.040078 0.954318 0.902344 0.057960 0.027034 0.043474 0.072263 0.108416 0.151473 0.058245 0.342971 0.027484 0.408968 0.056291 0.118042 0.052479 0.998555 0.303941 ;
0.042640 0.075444 0.040066 0.954320 0.902763 0.057908 0.027031 0.043448 0.072285 0.108317 0.151422 0.058185 0.343018 0.027467 0.409330 0.056214 0.118023 0.052438 0.998552 0.304226 ;
0.042658 0.075413 0.040070 0.954316 0.902616 0.057910 0.027032 0.043456 0.072279 0.108369 0.151423 0.058188 0.343108 0.027469 0.409451 0.056253 0.118031 0.052461 0.998551 0.304183 ;
0.042658 0.075465 0.040081 0.954319 0.902556 0.057963 0.027030 0.043462 0.072270 0.108488 0.151545 0.058283 0.342930 0.027484 0.408630 0.056291 0.118040 0.052455 0.998559 0.304044 ;
0.042669 0.075420 0.040076 0.954304 0.902505 0.057933 0.027032 0.043464 0.072273 0.108421 0.151443 0.058212 0.343089 0.027477 0.409240 0.056281 0.118039 0.052472 0.998553 0.304099 ;
0.042686 0.075464 0.040081 0.954317 0.902233 0.057971 0.027035 0.043481 0.072257 0.108423 0.151470 0.058252 0.342949 0.027488 0.408893 0.056303 0.118047 0.052489 0.998556 0.303856 ;
0.042691 0.075463 0.040081 0.954316 0.902178 0.057975 0.027035 0.043485 0.072255 0.108429 0.151472 0.058255 0.342956 0.027490 0.408912 0.056312 0.118049 0.052496 0.998556 0.303831 ;
0.042699 0.075465 0.040083 0.954316 0.902092 0.057984 0.027036 0.043490 0.072251 0.108435 0.151471 0.058259 0.342950 0.027493 0.408892 0.056323 0.118052 0.052504 0.998556 0.303776 ;
0.042683 0.075461 0.040080 0.954317 0.902270 0.057967 0.027035 0.043479 0.072259 0.108421 0.151472 0.058250 0.342958 0.027487 0.408923 0.056300 0.118045 0.052486 0.998556 0.303886 ;
0.042698 0.075465 0.040083 0.954316 0.902103 0.057983 0.027036 0.043489 0.072251 0.108434 0.151471 0.058259 0.342949 0.027493 0.408889 0.056322 0.118052 0.052503 0.998556 0.303781 ;
0.042711 0.075470 0.040085 0.954315 0.901957 0.057997 0.027037 0.043499 0.072244 0.108445 0.151469 0.058267 0.342935 0.027498 0.408842 0.056340 0.118057 0.052518 0.998556 0.303685 ;
0.042687 0.075461 0.040080 0.954317 0.902234 0.057970 0.027035 0.043481 0.072258 0.108425 0.151472 0.058251 0.342961 0.027488 0.408931 0.056305 0.118047 0.052490 0.998556 0.303868 ;
0.042680 0.075458 0.040079 0.954317 0.902311 0.057963 0.027034 0.043476 0.072261 0.108419 0.151473 0.058247 0.342968 0.027486 0.408957 0.056295 0.118044 0.052483 0.998555 0.303919 ;
];
X_settling = [];
X_settling_pattern = [];
