X = [0.343514 0.613430 0.120039 0.584354 0.763606 0.156094 0.957865 0.574817 0.405682 0.759275 0.449319 0.191008 0.685699 0.238460 0.800930 0.651429 0.852803 0.024977 0.227990 0.594033 ;
0.612413 0.105766 0.149647 0.566992 0.761417 0.174369 0.739935 0.657200 0.435470 0.696341 0.152877 0.081217 0.815104 0.409337 0.717941 0.538978 0.841205 0.299590 0.247202 0.475532 ;
0.510606 0.982751 0.137482 0.526962 0.658217 0.113899 0.462967 0.749202 0.608515 0.918874 0.776563 0.231548 0.709769 0.427888 0.812372 0.591316 0.899138 0.259579 0.220883 0.468801 ;
0.373962 0.777464 0.342096 0.563090 0.702826 0.130247 0.220880 0.445531 0.321525 0.751597 0.113171 0.104077 0.853153 0.973761 0.870420 0.772545 0.839817 0.078189 0.268788 0.446038 ;
0.527438 0.833320 0.451225 0.527680 0.759251 0.508230 0.164133 0.586487 0.152000 0.766029 0.116499 0.022116 0.877123 0.966167 0.500974 0.749181 0.189608 0.151780 0.134568 0.403235 ;
0.355057 0.972534 0.330517 0.503054 0.744107 0.378193 0.616104 0.769247 0.397189 0.917321 0.863889 0.048910 0.719956 0.589151 0.527118 0.553776 0.221125 0.332903 0.114571 0.422227 ;
0.422616 0.087123 0.332627 0.506869 0.837526 0.526788 0.831175 0.565550 0.290132 0.676569 0.147776 0.038017 0.860914 0.518925 0.449788 0.593959 0.205818 0.428573 0.170726 0.483374 ;
0.289176 0.357382 0.275888 0.560162 0.835902 0.270924 0.973666 0.533462 0.221773 0.723307 0.482057 0.066004 0.675370 0.112403 0.650499 0.623031 0.220331 0.063022 0.145942 0.555486 ;
0.551480 0.398204 0.869560 0.263541 0.355308 0.732170 0.308903 0.283693 0.301260 0.866840 0.359581 0.961593 0.757381 0.554050 0.362944 0.198852 0.752543 0.397339 0.731288 0.058038 ;
0.936283 0.400047 0.868197 0.311313 0.316213 0.812727 0.245266 0.236341 0.236442 0.860111 0.341594 0.957466 0.722775 0.966863 0.032905 0.262490 0.749474 0.024559 0.725548 0.051404 ;
0.027322 0.370966 0.836492 0.223706 0.432649 0.623138 0.396238 0.295110 0.145001 0.850920 0.295264 0.958859 0.800939 0.592474 0.375392 0.294861 0.618336 0.546496 0.704473 0.059353 ;
0.575660 0.402336 0.877407 0.325720 0.294731 0.066505 0.313290 0.244970 0.222924 0.859376 0.191314 0.959705 0.802382 0.206643 0.311420 0.375223 0.735119 0.441777 0.766067 0.049634 ;
0.566602 0.451135 0.750175 0.355666 0.815753 0.013336 0.950260 0.052690 0.418082 0.740539 0.733212 0.793111 0.145628 0.205073 0.326020 0.923962 0.145954 0.367736 0.731914 0.695692 ;
0.048457 0.366729 0.685243 0.197353 0.852341 0.536438 0.958086 0.041537 0.301958 0.659205 0.710717 0.806838 0.146161 0.566143 0.322464 0.844820 0.076624 0.392847 0.681861 0.692498 ;
0.931878 0.413020 0.630859 0.313004 0.799549 0.707277 0.914366 0.063287 0.425755 0.688108 0.794128 0.746050 0.144906 0.959212 0.026589 0.841295 0.134557 0.032548 0.668253 0.670873 ;
0.665096 0.609399 0.694885 0.210499 0.785604 0.629954 0.946873 0.049318 0.448248 0.765536 0.745220 0.737832 0.202203 0.580323 0.355405 0.788083 0.106000 0.300915 0.660609 0.648657 ;
];
X_settling = [];
X_settling_pattern = [];
