X = [0.126687 0.112711 0.126623 0.160343 0.123258 0.123384 0.129617 0.128974 0.116339 0.129706 0.134425 0.123195 0.115997 0.135004 0.112407 0.131245 0.143350 0.127213 0.150380 0.136859 ;
0.126697 0.112781 0.126635 0.159995 0.123258 0.123387 0.129621 0.128940 0.116347 0.129728 0.134449 0.123269 0.115974 0.135027 0.112399 0.131158 0.143366 0.127262 0.150396 0.136862 ;
0.126684 0.112722 0.126673 0.160151 0.123256 0.123383 0.129614 0.128956 0.116342 0.129761 0.134422 0.123235 0.115970 0.135016 0.112404 0.131130 0.143359 0.127202 0.150379 0.136855 ;
0.126655 0.112720 0.126632 0.160184 0.123257 0.123386 0.129594 0.128958 0.116347 0.129694 0.134425 0.123232 0.115997 0.135033 0.112409 0.131181 0.143360 0.127244 0.150373 0.136851 ;
0.126619 0.112747 0.126615 0.160113 0.123245 0.123391 0.129622 0.128952 0.116340 0.129680 0.134426 0.123249 0.116003 0.135035 0.112414 0.131194 0.143355 0.127279 0.150407 0.136867 ;
0.126644 0.112751 0.126664 0.160087 0.123244 0.123388 0.129640 0.128951 0.116334 0.129754 0.134405 0.123249 0.115978 0.135015 0.112412 0.131132 0.143354 0.127229 0.150411 0.136870 ;
0.126656 0.112824 0.126613 0.159920 0.123246 0.123392 0.129641 0.128933 0.116343 0.129701 0.134428 0.123291 0.115979 0.135031 0.112404 0.131189 0.143357 0.127306 0.150425 0.136874 ;
0.126673 0.112711 0.126629 0.160314 0.123256 0.123384 0.129619 0.128970 0.116339 0.129712 0.134437 0.123201 0.115994 0.135009 0.112409 0.131235 0.143350 0.127220 0.150382 0.136858 ;
0.126633 0.112652 0.126650 0.160291 0.123257 0.123377 0.129637 0.128971 0.116330 0.129743 0.134548 0.123202 0.115982 0.135027 0.112397 0.131193 0.143368 0.127199 0.150381 0.136868 ;
0.126663 0.112714 0.126640 0.160231 0.123254 0.123383 0.129623 0.128962 0.116339 0.129730 0.134462 0.123219 0.115985 0.135017 0.112404 0.131195 0.143354 0.127225 0.150383 0.136863 ;
0.126649 0.112681 0.126640 0.160264 0.123257 0.123383 0.129627 0.128967 0.116334 0.129714 0.134543 0.123197 0.115993 0.135011 0.112406 0.131206 0.143368 0.127216 0.150383 0.136864 ;
0.126632 0.112652 0.126647 0.160307 0.123257 0.123377 0.129637 0.128972 0.116331 0.129741 0.134541 0.123199 0.115986 0.135026 0.112399 0.131200 0.143367 0.127200 0.150380 0.136867 ;
0.126636 0.112746 0.126648 0.160148 0.123253 0.123391 0.129630 0.128958 0.116340 0.129740 0.134612 0.123222 0.115983 0.135011 0.112411 0.131161 0.143359 0.127229 0.150379 0.136859 ;
0.126643 0.112769 0.126644 0.160105 0.123253 0.123394 0.129618 0.128953 0.116344 0.129709 0.134607 0.123223 0.115988 0.134999 0.112416 0.131166 0.143360 0.127243 0.150383 0.136855 ;
0.126629 0.112747 0.126648 0.160156 0.123249 0.123392 0.129640 0.128959 0.116335 0.129742 0.134586 0.123222 0.115982 0.135007 0.112412 0.131153 0.143355 0.127222 0.150390 0.136866 ;
0.126636 0.112745 0.126652 0.160132 0.123253 0.123390 0.129630 0.128957 0.116339 0.129741 0.134619 0.123226 0.115978 0.135012 0.112409 0.131154 0.143359 0.127228 0.150380 0.136860 ;
];
X_settling = [];
X_settling_pattern = [];
