X = [0.013952 0.899065 0.114348 0.146496 0.119438 0.217138 0.227906 0.182328 0.178276 0.171822 0.240551 0.179401 0.116544 0.219911 0.137160 0.154619 0.811354 0.170311 0.133874 0.132424 ;
0.013955 0.899071 0.114353 0.146429 0.119453 0.217251 0.227854 0.182209 0.178345 0.171899 0.240452 0.179472 0.116544 0.219871 0.137227 0.154612 0.811336 0.170288 0.133828 0.132402 ;
0.013930 0.898936 0.114333 0.146866 0.119430 0.216697 0.228088 0.182912 0.178013 0.171525 0.240948 0.179090 0.116540 0.220023 0.136912 0.154667 0.810817 0.170419 0.134065 0.132525 ;
0.052005 0.292702 0.128203 0.173919 0.228167 0.211244 0.117734 0.254474 0.178628 0.187878 0.210472 0.222849 0.146748 0.195983 0.151893 0.161568 0.195007 0.166545 0.141404 0.138040 ;
0.052033 0.292546 0.128199 0.173907 0.228212 0.211204 0.117709 0.254554 0.178599 0.187852 0.210498 0.222850 0.146758 0.195988 0.151868 0.161579 0.195068 0.166559 0.141411 0.138045 ;
0.013976 0.899918 0.114229 0.146294 0.118788 0.216127 0.228724 0.182692 0.177615 0.171124 0.241411 0.178964 0.116518 0.220657 0.136437 0.154584 0.816035 0.170429 0.134326 0.132501 ;
0.051173 0.296161 0.128364 0.174625 0.227257 0.212527 0.118276 0.252076 0.179558 0.188762 0.209691 0.223175 0.146481 0.195679 0.152777 0.161278 0.191544 0.166143 0.141069 0.137888 ;
0.013936 0.899189 0.114185 0.147088 0.119235 0.215428 0.228192 0.184020 0.177199 0.170696 0.242058 0.178536 0.116566 0.220484 0.136106 0.154772 0.813650 0.170773 0.134355 0.132671 ;
0.051403 0.294907 0.128363 0.174483 0.227604 0.212395 0.118076 0.252403 0.179457 0.188705 0.209750 0.223346 0.146557 0.195664 0.152706 0.161325 0.191754 0.166190 0.141067 0.137892 ;
0.052087 0.292197 0.128207 0.173886 0.228312 0.211214 0.117653 0.254574 0.178604 0.187873 0.210484 0.222937 0.146777 0.195967 0.151883 0.161584 0.194968 0.166558 0.141394 0.138039 ;
0.013959 0.899050 0.114372 0.146283 0.119517 0.217598 0.227708 0.181917 0.178561 0.172131 0.240158 0.179662 0.116542 0.219733 0.137436 0.154602 0.810985 0.170228 0.133695 0.132344 ;
0.051312 0.295532 0.128355 0.174502 0.227425 0.212417 0.118172 0.252303 0.179476 0.188700 0.209743 0.223228 0.146523 0.195688 0.152707 0.161308 0.191894 0.166178 0.141082 0.137895 ;
0.052174 0.291810 0.128265 0.173736 0.228475 0.211572 0.117534 0.253947 0.178843 0.188178 0.210201 0.223432 0.146769 0.195766 0.152153 0.161527 0.194514 0.166455 0.141185 0.137964 ;
0.013958 0.899127 0.114348 0.146383 0.119423 0.217248 0.227875 0.182170 0.178341 0.171896 0.240454 0.179483 0.116543 0.219893 0.137217 0.154606 0.811616 0.170284 0.133828 0.132395 ;
0.052016 0.292780 0.128199 0.173867 0.228145 0.211237 0.117737 0.254464 0.178621 0.187871 0.210470 0.222840 0.146744 0.195986 0.151884 0.161567 0.195211 0.166545 0.141402 0.138039 ;
0.052129 0.292067 0.128247 0.173779 0.228378 0.211469 0.117595 0.254113 0.178776 0.188085 0.210281 0.223250 0.146766 0.195839 0.152072 0.161539 0.194700 0.166481 0.141258 0.137987 ;
];
X_settling = [];
X_settling_pattern = [];
