X = [0.056337 0.973919 0.819013 0.033296 0.010321 0.896561 0.915891 0.044478 0.942791 0.824543 0.075761 0.115763 0.811194 0.972581 0.828417 0.035711 0.979030 0.028861 0.871832 0.083518 ;
0.018911 0.036521 0.192312 0.762046 0.923199 0.042813 0.025018 0.896022 0.060672 0.059180 0.774460 0.070979 0.801850 0.946361 0.046252 0.336339 0.025436 0.728199 0.855534 0.607243 ;
0.039849 0.970809 0.918530 0.765328 0.036496 0.047723 0.900413 0.055717 0.056547 0.047737 0.778546 0.888332 0.143566 0.159610 0.048885 0.032334 0.958776 0.039336 0.052333 0.409675 ;
0.018928 0.036472 0.193075 0.763344 0.923346 0.042652 0.025058 0.895960 0.060477 0.058980 0.775099 0.071304 0.802052 0.946334 0.046092 0.335989 0.025378 0.727716 0.855391 0.608113 ;
0.025001 0.033276 0.926121 0.794258 0.962375 0.049095 0.032522 0.251274 0.069970 0.066269 0.746891 0.911734 0.871875 0.689376 0.059155 0.035860 0.024317 0.061029 0.072343 0.541708 ;
0.039929 0.970767 0.919253 0.767571 0.036574 0.047377 0.900741 0.056103 0.056161 0.047447 0.779871 0.889455 0.143362 0.159055 0.048541 0.032238 0.958248 0.039212 0.052096 0.410984 ;
0.024983 0.033294 0.925829 0.793480 0.962305 0.049263 0.032501 0.251428 0.070185 0.066482 0.746251 0.911375 0.871967 0.689737 0.059343 0.035905 0.024338 0.061124 0.072493 0.541058 ;
0.039845 0.970811 0.918495 0.765223 0.036492 0.047740 0.900398 0.055700 0.056565 0.047750 0.778484 0.888278 0.143576 0.159636 0.048901 0.032339 0.958800 0.039341 0.052344 0.409614 ;
0.015806 0.976235 0.783477 0.071683 0.012512 0.898283 0.912151 0.689073 0.937300 0.851929 0.056085 0.092542 0.804429 0.966387 0.822784 0.045603 0.063061 0.040666 0.905283 0.065760 ;
0.015808 0.976237 0.783480 0.071682 0.012511 0.898285 0.912150 0.688966 0.937303 0.851931 0.056082 0.092546 0.804424 0.966385 0.822790 0.045600 0.063077 0.040663 0.905271 0.065766 ;
0.056454 0.973806 0.819076 0.033139 0.010370 0.897252 0.915573 0.044427 0.943157 0.825443 0.075484 0.115983 0.811448 0.972586 0.829385 0.035740 0.978985 0.028887 0.871744 0.083361 ;
0.015882 0.976275 0.783738 0.071538 0.012505 0.898443 0.912007 0.683579 0.937441 0.852053 0.055898 0.092607 0.804509 0.966369 0.823129 0.045413 0.063814 0.040469 0.904781 0.066052 ;
0.075847 0.957501 0.138566 0.064176 0.628491 0.959594 0.075574 0.033537 0.915886 0.911460 0.083187 0.853216 0.058159 0.028061 0.889896 0.608227 0.979895 0.871105 0.034250 0.071997 ;
0.075851 0.957490 0.138565 0.064169 0.628570 0.959596 0.075553 0.033537 0.915887 0.911462 0.083187 0.853215 0.058163 0.028062 0.889900 0.608237 0.979895 0.871110 0.034249 0.071998 ;
0.075867 0.957432 0.138553 0.064138 0.629099 0.959603 0.075415 0.033542 0.915889 0.911472 0.083197 0.853212 0.058180 0.028061 0.889918 0.608330 0.979896 0.871183 0.034238 0.072011 ;
0.075849 0.957495 0.138565 0.064173 0.628541 0.959595 0.075561 0.033537 0.915886 0.911461 0.083188 0.853215 0.058160 0.028061 0.889898 0.608236 0.979895 0.871111 0.034249 0.071998 ;
];
X_settling = [];
X_settling_pattern = [];
