X = [0.198180 0.021965 0.064603 0.922066 0.972432 0.056570 0.628135 0.962555 0.969329 0.809924 0.892107 0.193231 0.876897 0.037766 0.943817 0.964850 0.826730 0.005841 0.154419 0.137100 ;
0.974365 0.014209 0.034318 0.977474 0.946164 0.085093 0.536614 0.974442 0.980177 0.767265 0.029823 0.055531 0.980954 0.294576 0.956724 0.030344 0.761186 0.808098 0.056240 0.045152 ;
0.390636 0.803363 0.037269 0.953846 0.934979 0.031347 0.268866 0.980579 0.993131 0.930941 0.938172 0.131527 0.193101 0.286233 0.986937 0.932282 0.793240 0.928606 0.069125 0.062498 ;
0.540237 0.884123 0.202753 0.944705 0.962379 0.042104 0.011792 0.950585 0.956423 0.814810 0.021487 0.102319 0.931009 0.940586 0.967951 0.850147 0.746670 0.015703 0.098237 0.026595 ;
0.524172 0.952915 0.199421 0.972785 0.863181 0.986908 0.107343 0.903244 0.085154 0.979394 0.013731 0.015837 0.921344 0.991000 0.292381 0.787247 0.033309 0.024728 0.012358 0.279853 ;
0.480375 0.828769 0.044923 0.979751 0.777529 0.978329 0.477194 0.968972 0.471433 0.994736 0.930550 0.027063 0.233189 0.844368 0.453168 0.925138 0.049735 0.974460 0.008759 0.357780 ;
0.966848 0.022633 0.072576 0.966992 0.843869 0.987476 0.757929 0.847820 0.128864 0.925732 0.025531 0.023879 0.958290 0.738617 0.248001 0.027691 0.028622 0.859485 0.016045 0.543706 ;
0.292824 0.009654 0.090608 0.947487 0.884547 0.970003 0.910677 0.872967 0.103911 0.968007 0.904749 0.073633 0.927202 0.121061 0.220922 0.909653 0.036794 0.032155 0.041144 0.648062 ;
0.855107 0.929249 0.928309 0.040757 0.021518 0.687304 0.093723 0.080023 0.204915 0.908212 0.014860 0.966966 0.971885 0.246874 0.952423 0.288739 0.954790 0.591445 0.971067 0.033317 ;
0.973262 0.468044 0.971074 0.035194 0.024131 0.838310 0.067626 0.104766 0.152244 0.942722 0.053715 0.977993 0.969398 0.957213 0.036708 0.264390 0.954805 0.022544 0.967824 0.046979 ;
0.683288 0.170669 0.932359 0.063288 0.018832 0.986947 0.110461 0.157047 0.115511 0.948969 0.039267 0.936520 0.954469 0.697441 0.204955 0.650439 0.893809 0.943706 0.932662 0.051089 ;
0.926032 0.039212 0.967758 0.036741 0.020769 0.064053 0.110497 0.114639 0.222664 0.947416 0.110621 0.976721 0.960568 0.489592 0.190184 0.345940 0.967119 0.805304 0.970110 0.079559 ;
0.971291 0.034559 0.973558 0.027417 0.944155 0.016892 0.812441 0.025878 0.094463 0.038575 0.861071 0.971024 0.017857 0.369884 0.360690 0.873880 0.017067 0.907628 0.948362 0.972984 ;
0.847209 0.371580 0.974299 0.017417 0.920258 0.972501 0.866130 0.012482 0.027528 0.037182 0.535438 0.958494 0.011589 0.275271 0.583342 0.918636 0.006097 0.888826 0.954494 0.971677 ;
0.982636 0.395292 0.977411 0.023073 0.929956 0.766763 0.855183 0.024733 0.063068 0.035169 0.701132 0.969584 0.017449 0.888602 0.053064 0.712253 0.020904 0.034293 0.955932 0.965067 ;
0.885862 0.986681 0.951447 0.027003 0.951225 0.633843 0.765372 0.016010 0.061759 0.066233 0.266689 0.928171 0.011476 0.098416 0.983276 0.796319 0.010576 0.491622 0.923922 0.953209 ;
];
X_settling = [];
X_settling_pattern = [];
