X = [0.101989 0.339147 0.121141 0.149349 0.124024 0.164941 0.205585 0.925457 0.110417 0.137138 0.139773 0.108491 0.216631 0.194755 0.178706 0.260568 0.151593 0.129643 0.235619 0.089425 ;
0.101932 0.339259 0.121138 0.149360 0.124009 0.164938 0.205613 0.925520 0.110410 0.137131 0.139773 0.108477 0.216620 0.194768 0.178712 0.260592 0.151607 0.129647 0.235636 0.089423 ;
0.101899 0.339321 0.121132 0.149371 0.124001 0.164930 0.205635 0.925565 0.110402 0.137121 0.139773 0.108458 0.216634 0.194797 0.178714 0.260614 0.151614 0.129654 0.235664 0.089428 ;
0.101983 0.339160 0.121141 0.149350 0.124022 0.164941 0.205589 0.925464 0.110416 0.137137 0.139773 0.108489 0.216630 0.194756 0.178707 0.260571 0.151595 0.129643 0.235620 0.089425 ;
0.102028 0.339073 0.121143 0.149342 0.124034 0.164943 0.205567 0.925415 0.110422 0.137142 0.139774 0.108500 0.216639 0.194746 0.178703 0.260553 0.151584 0.129640 0.235607 0.089426 ;
0.101975 0.339175 0.121141 0.149352 0.124020 0.164940 0.205592 0.925473 0.110415 0.137136 0.139773 0.108487 0.216628 0.194758 0.178708 0.260574 0.151597 0.129644 0.235623 0.089425 ;
0.101986 0.339154 0.121141 0.149350 0.124023 0.164941 0.205587 0.925461 0.110417 0.137137 0.139773 0.108490 0.216631 0.194756 0.178707 0.260570 0.151594 0.129643 0.235620 0.089425 ;
0.102016 0.339094 0.121143 0.149344 0.124031 0.164943 0.205572 0.925427 0.110420 0.137141 0.139774 0.108497 0.216637 0.194748 0.178704 0.260557 0.151586 0.129641 0.235610 0.089426 ;
0.101068 0.340975 0.121092 0.149438 0.123790 0.165060 0.206041 0.926484 0.110415 0.137198 0.139677 0.108270 0.216860 0.195140 0.178939 0.260908 0.151809 0.129657 0.236010 0.089326 ;
0.101047 0.341024 0.121106 0.149428 0.123784 0.165081 0.206038 0.926485 0.110429 0.137218 0.139673 0.108293 0.216808 0.195092 0.178948 0.260894 0.151817 0.129646 0.235968 0.089309 ;
0.101038 0.341054 0.121100 0.149402 0.123785 0.165127 0.206047 0.926512 0.110457 0.137264 0.139647 0.108284 0.216954 0.195162 0.178993 0.260892 0.151817 0.129632 0.236021 0.089288 ;
0.101006 0.341130 0.121108 0.149379 0.123778 0.165174 0.206053 0.926536 0.110485 0.137309 0.139627 0.108298 0.216994 0.195163 0.179029 0.260881 0.151825 0.129614 0.236019 0.089260 ;
0.101961 0.339203 0.121143 0.149353 0.124016 0.164943 0.205596 0.925483 0.110416 0.137138 0.139773 0.108489 0.216615 0.194751 0.178710 0.260576 0.151601 0.129643 0.235617 0.089421 ;
0.101917 0.339289 0.121140 0.149362 0.124005 0.164940 0.205618 0.925532 0.110411 0.137132 0.139772 0.108478 0.216607 0.194763 0.178714 0.260595 0.151612 0.129646 0.235632 0.089421 ;
0.101124 0.340923 0.121366 0.149304 0.123773 0.165224 0.205762 0.925969 0.110575 0.137373 0.139728 0.108795 0.215436 0.193931 0.178850 0.260519 0.151864 0.129494 0.234957 0.089131 ;
0.100919 0.341340 0.121407 0.149304 0.123714 0.165278 0.205817 0.926109 0.110602 0.137416 0.139718 0.108844 0.215200 0.193783 0.178883 0.260526 0.151925 0.129468 0.234843 0.089073 ;
];
X_settling = [];
X_settling_pattern = [];
