X = [0.177610 0.026391 0.065264 0.953976 0.977974 0.055192 0.910953 0.963895 0.968675 0.817997 0.987729 0.081270 0.970308 0.037150 0.938915 0.967550 0.970757 0.007311 0.072591 0.151705 ;
0.968651 0.017009 0.028024 0.978525 0.966561 0.094101 0.797406 0.972850 0.975995 0.753931 0.036941 0.019209 0.982835 0.294576 0.946594 0.029530 0.940857 0.986513 0.019424 0.069802 ;
0.245394 0.969803 0.041133 0.980601 0.931539 0.029816 0.245018 0.982462 0.991864 0.938718 0.939199 0.030379 0.023368 0.344286 0.983269 0.940199 0.964791 0.962870 0.028883 0.074413 ;
0.430568 0.900310 0.202753 0.969699 0.984078 0.055580 0.020660 0.972044 0.942880 0.821210 0.021955 0.045808 0.986416 0.940586 0.966848 0.880751 0.964275 0.015703 0.051789 0.026975 ;
0.093305 0.950153 0.075572 0.985514 0.920904 0.990513 0.079721 0.983332 0.064447 0.983445 0.020254 0.020280 0.983484 0.991553 0.049000 0.834585 0.040165 0.041313 0.015633 0.910620 ;
0.030779 0.979577 0.014861 0.991642 0.784100 0.976840 0.502288 0.991200 0.399922 0.994886 0.930550 0.013063 0.030126 0.873839 0.080943 0.944991 0.062301 0.974460 0.008138 0.951909 ;
0.777064 0.021674 0.030943 0.968236 0.903887 0.988519 0.939082 0.951957 0.106141 0.911342 0.026207 0.023879 0.981274 0.738617 0.032418 0.041749 0.022437 0.990667 0.019632 0.962299 ;
0.053516 0.009638 0.034666 0.960601 0.889735 0.969254 0.986422 0.962411 0.094041 0.973385 0.984814 0.062667 0.984394 0.084286 0.033346 0.941436 0.061232 0.042495 0.039354 0.983591 ;
0.713537 0.936118 0.980095 0.017423 0.007992 0.851541 0.038274 0.044984 0.027294 0.984375 0.016287 0.984730 0.968332 0.206495 0.933015 0.209644 0.983796 0.611751 0.987585 0.015923 ;
0.965952 0.339601 0.990434 0.015062 0.007704 0.906462 0.024708 0.047366 0.013809 0.990204 0.055267 0.993536 0.989186 0.948005 0.027042 0.049557 0.982869 0.025073 0.989608 0.022511 ;
0.032800 0.128252 0.970521 0.026631 0.007984 0.992355 0.039293 0.105314 0.013888 0.992061 0.051154 0.980349 0.982330 0.664500 0.042488 0.575649 0.964750 0.945037 0.978090 0.050023 ;
0.925854 0.023297 0.987811 0.016625 0.006739 0.098785 0.045395 0.058447 0.022070 0.990533 0.119668 0.992649 0.985956 0.147131 0.177284 0.248227 0.988151 0.890239 0.989704 0.028804 ;
0.966532 0.050065 0.973558 0.033764 0.991306 0.015904 0.972709 0.026259 0.094463 0.011483 0.929672 0.961386 0.013824 0.074010 0.189688 0.925630 0.023206 0.946728 0.979802 0.974492 ;
0.137754 0.400528 0.969473 0.018054 0.987424 0.974915 0.982165 0.015547 0.027247 0.008427 0.724318 0.956993 0.014894 0.273693 0.115579 0.962400 0.006284 0.940551 0.985267 0.985521 ;
0.980761 0.392786 0.977688 0.024657 0.986950 0.764049 0.962486 0.017646 0.058582 0.010294 0.821727 0.969277 0.020689 0.888602 0.020132 0.514475 0.016896 0.078933 0.981632 0.965121 ;
0.827538 0.991705 0.954318 0.036073 0.988364 0.742094 0.963324 0.020445 0.051719 0.014868 0.468466 0.916450 0.008294 0.106199 0.950905 0.904282 0.011018 0.597013 0.974823 0.964913 ;
];
X_settling = [];
X_settling_pattern = [];
