X = [0.034727 0.749739 0.133186 0.085566 0.175167 0.181599 0.139911 0.132709 0.143261 0.122696 0.172553 0.156747 0.171675 0.212940 0.106469 0.110619 0.746254 0.143570 0.152964 0.140217 ;
0.057754 0.381601 0.136398 0.112329 0.177641 0.175754 0.133262 0.158383 0.144952 0.129626 0.167074 0.184068 0.168034 0.190095 0.113391 0.111842 0.301727 0.137428 0.163785 0.144391 ;
0.034255 0.757763 0.133101 0.085088 0.175094 0.181732 0.140379 0.131894 0.143239 0.122449 0.172756 0.156095 0.171739 0.213505 0.106336 0.110568 0.754822 0.143721 0.152644 0.140165 ;
0.060793 0.352434 0.136542 0.114407 0.178050 0.174882 0.133349 0.161060 0.144773 0.129887 0.167187 0.187308 0.167665 0.188659 0.113833 0.112081 0.276118 0.137162 0.164922 0.144487 ;
0.060747 0.352848 0.136540 0.114378 0.178044 0.174895 0.133348 0.161020 0.144776 0.129884 0.167184 0.187258 0.167670 0.188679 0.113827 0.112077 0.276463 0.137165 0.164905 0.144486 ;
0.034253 0.757786 0.133101 0.085086 0.175093 0.181735 0.140381 0.131885 0.143240 0.122449 0.172753 0.156093 0.171739 0.213506 0.106337 0.110567 0.754840 0.143720 0.152642 0.140165 ;
0.060803 0.352346 0.136542 0.114413 0.178052 0.174879 0.133350 0.161069 0.144772 0.129888 0.167188 0.187318 0.167663 0.188655 0.113834 0.112082 0.276046 0.137161 0.164926 0.144488 ;
0.034708 0.750052 0.133182 0.085547 0.175165 0.181604 0.139929 0.132678 0.143260 0.122687 0.172561 0.156722 0.171677 0.212962 0.106463 0.110618 0.746592 0.143576 0.152952 0.140215 ;
0.034233 0.758182 0.133095 0.085065 0.175093 0.181718 0.140404 0.131908 0.143233 0.122428 0.172794 0.156057 0.171743 0.213539 0.106324 0.110574 0.755315 0.143742 0.152642 0.140164 ;
0.060755 0.352776 0.136540 0.114383 0.178045 0.174893 0.133348 0.161027 0.144776 0.129884 0.167185 0.187267 0.167669 0.188675 0.113828 0.112078 0.276403 0.137165 0.164908 0.144487 ;
0.034219 0.758361 0.133096 0.085050 0.175084 0.181755 0.140419 0.131801 0.143241 0.122434 0.172756 0.156045 0.171746 0.213550 0.106330 0.110560 0.755430 0.143724 0.152617 0.140161 ;
0.057943 0.379282 0.136422 0.112533 0.177652 0.175738 0.133291 0.158482 0.144966 0.129670 0.167028 0.184285 0.167998 0.189954 0.113446 0.111839 0.299196 0.137376 0.163838 0.144412 ;
0.060792 0.352429 0.136542 0.114408 0.178050 0.174884 0.133351 0.161055 0.144774 0.129888 0.167184 0.187307 0.167664 0.188658 0.113834 0.112080 0.276100 0.137161 0.164920 0.144488 ;
0.034716 0.749926 0.133184 0.085555 0.175166 0.181602 0.139922 0.132690 0.143260 0.122690 0.172558 0.156732 0.171676 0.212953 0.106465 0.110618 0.746456 0.143574 0.152957 0.140216 ;
0.060784 0.352517 0.136542 0.114401 0.178049 0.174885 0.133349 0.161052 0.144774 0.129886 0.167186 0.187298 0.167666 0.188663 0.113832 0.112080 0.276187 0.137163 0.164918 0.144487 ;
0.057851 0.380413 0.136410 0.112434 0.177649 0.175742 0.133274 0.158446 0.144958 0.129647 0.167055 0.184182 0.168014 0.190021 0.113418 0.111842 0.300440 0.137404 0.163812 0.144401 ;
];
X_settling = [];
X_settling_pattern = [];
