X = [0.125168 0.107166 0.148965 0.118936 0.122175 0.147094 0.121527 0.100930 0.131960 0.122185 0.171743 0.167114 0.145116 0.138071 0.121909 0.128436 0.219032 0.121420 0.128304 0.111796 ;
0.125183 0.107155 0.148955 0.118987 0.122170 0.147101 0.121527 0.100930 0.131967 0.122207 0.171699 0.167084 0.145103 0.138058 0.121930 0.128447 0.218576 0.121419 0.128307 0.111821 ;
0.125147 0.107240 0.149010 0.118936 0.122166 0.147072 0.121540 0.100913 0.131953 0.122135 0.171855 0.167094 0.145166 0.138104 0.121886 0.128408 0.219292 0.121417 0.128304 0.111780 ;
0.125164 0.107188 0.148966 0.119025 0.122182 0.147104 0.121527 0.100926 0.131967 0.122192 0.171717 0.167143 0.145124 0.138076 0.121932 0.128445 0.218359 0.121420 0.128305 0.111835 ;
0.125199 0.107104 0.148937 0.118678 0.122181 0.147070 0.121525 0.100946 0.131954 0.122194 0.171767 0.167089 0.145069 0.138048 0.121841 0.128432 0.220896 0.121420 0.128309 0.111681 ;
0.125199 0.107103 0.148937 0.118669 0.122182 0.147069 0.121525 0.100947 0.131954 0.122193 0.171770 0.167088 0.145069 0.138048 0.121839 0.128432 0.220966 0.121420 0.128309 0.111677 ;
0.125199 0.107104 0.148937 0.118674 0.122181 0.147069 0.121525 0.100947 0.131954 0.122193 0.171768 0.167089 0.145069 0.138048 0.121840 0.128432 0.220932 0.121420 0.128309 0.111679 ;
0.125199 0.107103 0.148937 0.118665 0.122182 0.147068 0.121525 0.100947 0.131953 0.122193 0.171771 0.167088 0.145068 0.138048 0.121837 0.128431 0.220998 0.121420 0.128309 0.111675 ;
0.125188 0.107134 0.148940 0.118945 0.122181 0.147101 0.121523 0.100931 0.131966 0.122220 0.171674 0.167118 0.145089 0.138051 0.121924 0.128452 0.218811 0.121421 0.128308 0.111808 ;
0.125187 0.107136 0.148940 0.118961 0.122181 0.147103 0.121522 0.100931 0.131967 0.122222 0.171669 0.167120 0.145091 0.138051 0.121929 0.128453 0.218689 0.121421 0.128307 0.111816 ;
0.125187 0.107139 0.148940 0.119005 0.122180 0.147109 0.121522 0.100928 0.131969 0.122227 0.171652 0.167122 0.145092 0.138051 0.121943 0.128457 0.218341 0.121421 0.128307 0.111837 ;
0.125207 0.107081 0.148929 0.118673 0.122179 0.147075 0.121524 0.100947 0.131954 0.122202 0.171752 0.167073 0.145060 0.138040 0.121846 0.128440 0.220880 0.121421 0.128310 0.111682 ;
0.125198 0.107104 0.148935 0.118680 0.122183 0.147071 0.121524 0.100946 0.131954 0.122196 0.171761 0.167094 0.145069 0.138048 0.121843 0.128433 0.220867 0.121421 0.128309 0.111683 ;
0.125171 0.107129 0.148911 0.118869 0.122213 0.147103 0.121515 0.100930 0.131964 0.122243 0.171616 0.167240 0.145082 0.138051 0.121908 0.128446 0.219235 0.121426 0.128308 0.111785 ;
0.125172 0.107121 0.148912 0.118807 0.122214 0.147096 0.121515 0.100933 0.131961 0.122235 0.171642 0.167235 0.145079 0.138049 0.121887 0.128442 0.219733 0.121426 0.128309 0.111754 ;
0.125169 0.107133 0.148912 0.118913 0.122213 0.147109 0.121514 0.100927 0.131966 0.122248 0.171600 0.167245 0.145086 0.138051 0.121921 0.128450 0.218888 0.121426 0.128308 0.111806 ;
];
X_settling = [];
X_settling_pattern = [];
