X = [0.327744 0.152744 0.151826 0.126024 0.147199 0.148651 0.136940 0.101751 0.157998 0.243464 0.173435 0.116799 0.138850 0.113100 0.171118 0.128625 0.149702 0.149079 0.064592 0.151752 ;
0.329568 0.153111 0.153697 0.127195 0.146639 0.148483 0.138158 0.101749 0.158886 0.242324 0.173489 0.115383 0.138630 0.113327 0.170976 0.128695 0.149455 0.149625 0.064034 0.151112 ;
0.327713 0.152739 0.151809 0.126013 0.147207 0.148653 0.136929 0.101751 0.157983 0.243474 0.173434 0.116819 0.138854 0.113098 0.171115 0.128623 0.149707 0.149073 0.064601 0.151762 ;
0.328184 0.152784 0.151871 0.126056 0.147128 0.148628 0.136947 0.101754 0.158169 0.243454 0.173427 0.116635 0.138799 0.113083 0.171200 0.128676 0.149660 0.149091 0.064462 0.151678 ;
0.333280 0.153538 0.152666 0.126544 0.145885 0.148275 0.137115 0.101788 0.160693 0.243223 0.173443 0.114278 0.138093 0.112898 0.172433 0.129334 0.148846 0.149344 0.062783 0.150411 ;
0.334939 0.153406 0.151245 0.125508 0.146187 0.148311 0.136117 0.101671 0.160712 0.244483 0.173578 0.114637 0.137968 0.112594 0.172791 0.129478 0.149028 0.148932 0.062483 0.150737 ;
0.336769 0.153585 0.152762 0.126687 0.145712 0.148171 0.137085 0.101810 0.161585 0.243260 0.173296 0.113467 0.137805 0.112740 0.172841 0.129675 0.148815 0.149325 0.061977 0.150203 ;
0.336620 0.153571 0.152747 0.126677 0.145737 0.148179 0.137083 0.101809 0.161525 0.243262 0.173298 0.113521 0.137822 0.112747 0.172812 0.129657 0.148830 0.149321 0.062020 0.150228 ;
0.336633 0.153572 0.152749 0.126678 0.145735 0.148178 0.137084 0.101810 0.161530 0.243262 0.173298 0.113516 0.137821 0.112746 0.172814 0.129659 0.148829 0.149322 0.062016 0.150226 ;
0.336430 0.153553 0.152729 0.126663 0.145768 0.148189 0.137081 0.101808 0.161449 0.243265 0.173301 0.113589 0.137844 0.112755 0.172775 0.129635 0.148849 0.149317 0.062073 0.150261 ;
0.336337 0.153545 0.152720 0.126657 0.145783 0.148194 0.137080 0.101808 0.161412 0.243267 0.173302 0.113622 0.137855 0.112759 0.172757 0.129624 0.148858 0.149314 0.062100 0.150277 ;
0.336707 0.153579 0.152756 0.126683 0.145723 0.148174 0.137084 0.101810 0.161560 0.243261 0.173297 0.113489 0.137812 0.112743 0.172829 0.129667 0.148821 0.149323 0.061995 0.150213 ;
0.330214 0.152736 0.150895 0.125482 0.147129 0.148597 0.136181 0.101775 0.158650 0.244186 0.173308 0.116547 0.138612 0.112802 0.171787 0.128968 0.149636 0.148780 0.063960 0.151704 ;
0.328096 0.152772 0.151837 0.126035 0.147147 0.148634 0.136928 0.101753 0.158131 0.243472 0.173426 0.116680 0.138810 0.113082 0.171190 0.128668 0.149671 0.149081 0.064489 0.151699 ;
0.336763 0.153582 0.152748 0.126679 0.145717 0.148172 0.137076 0.101811 0.161580 0.243268 0.173295 0.113476 0.137806 0.112738 0.172843 0.129675 0.148817 0.149321 0.061980 0.150208 ;
0.328025 0.152766 0.151833 0.126031 0.147158 0.148637 0.136929 0.101753 0.158104 0.243472 0.173428 0.116705 0.138818 0.113085 0.171176 0.128659 0.149677 0.149080 0.064509 0.151710 ;
];
X_settling = [];
X_settling_pattern = [];
