X = [0.038461 0.015734 0.228041 0.997549 0.004086 0.018901 0.012534 0.045705 0.997169 0.004365 0.179506 0.028570 0.998548 0.035927 0.997496 0.048167 0.069067 0.026861 0.000966 0.003658 ;
0.017673 0.005770 0.011248 0.999833 0.004717 0.005898 0.016187 0.052713 0.098021 0.017809 0.711498 0.004153 0.158870 0.010958 0.998157 0.015474 0.018977 0.007107 0.994702 0.002115 ;
0.027388 0.011993 0.096476 0.999594 0.003929 0.013020 0.010982 0.074218 0.047567 0.042480 0.163290 0.010707 0.997772 0.037951 0.997543 0.025547 0.048689 0.015367 0.001484 0.003075 ;
0.021112 0.006229 0.053306 0.999788 0.004696 0.008884 0.007680 0.053617 0.059284 0.015482 0.034384 0.007797 0.996764 0.018011 0.998059 0.033560 0.026134 0.007036 0.993860 0.001814 ;
0.005767 0.002288 0.054922 0.999610 0.996368 0.010343 0.004584 0.015016 0.064512 0.012468 0.032882 0.005527 0.976513 0.010958 0.994009 0.025135 0.004190 0.003456 0.990902 0.996172 ;
0.007581 0.004693 0.122103 0.997972 0.996552 0.016320 0.007125 0.019402 0.165913 0.028846 0.136892 0.005136 0.984813 0.022750 0.991605 0.019718 0.007774 0.007943 0.000896 0.998291 ;
0.004311 0.001240 0.014164 0.999890 0.988893 0.004050 0.006974 0.015132 0.081739 0.015055 0.773484 0.002019 0.013067 0.005946 0.996221 0.007044 0.003014 0.003212 0.995153 0.987738 ;
0.004850 0.001719 0.314356 0.999038 0.991804 0.009742 0.010585 0.028639 0.187733 0.025710 0.978216 0.002629 0.006891 0.019790 0.884854 0.012379 0.009771 0.006210 0.001954 0.994516 ;
0.010786 0.005966 0.239554 0.995792 0.996542 0.022407 0.007518 0.012989 0.995838 0.003855 0.150360 0.020969 0.990927 0.022847 0.991940 0.037620 0.011257 0.012480 0.000739 0.998368 ;
0.010786 0.005966 0.239579 0.995792 0.996542 0.022407 0.007518 0.012989 0.995838 0.003855 0.150351 0.020970 0.990927 0.022848 0.991940 0.037622 0.011258 0.012480 0.000739 0.998368 ;
0.010786 0.005965 0.239519 0.995792 0.996542 0.022407 0.007518 0.012989 0.995839 0.003855 0.150336 0.020971 0.990927 0.022848 0.991940 0.037618 0.011257 0.012480 0.000739 0.998368 ;
0.007559 0.004683 0.121331 0.998000 0.996546 0.016266 0.007116 0.019429 0.161926 0.028966 0.137329 0.005150 0.984781 0.022726 0.991623 0.019622 0.007748 0.007927 0.000899 0.998284 ;
0.064804 0.720086 0.990988 0.990475 0.014619 0.879231 0.007765 0.032010 0.011608 0.608229 0.831233 0.987565 0.999884 0.007730 0.034464 0.978942 0.969612 0.673674 0.004047 0.002784 ;
0.037985 0.872101 0.996329 0.004295 0.016308 0.950924 0.013150 0.040686 0.018849 0.838236 0.842522 0.997075 0.999907 0.008248 0.005901 0.985773 0.990789 0.914485 0.003863 0.006798 ;
0.127656 0.884808 0.997037 0.110173 0.023369 0.938870 0.011116 0.021670 0.996755 0.119251 0.803540 0.995894 0.999944 0.008313 0.006224 0.990350 0.987399 0.893219 0.003719 0.006080 ;
0.146707 0.887013 0.998002 0.091546 0.021447 0.946027 0.007460 0.023326 0.998288 0.340491 0.851026 0.026611 0.999955 0.012135 0.007998 0.983679 0.986535 0.885318 0.003300 0.005729 ;
];
X_settling = [];
X_settling_pattern = [];
