X = [0.074521 0.123160 0.214040 0.178684 0.172496 0.121721 0.089836 0.133470 0.124969 0.113789 0.133072 0.123209 0.170092 0.073546 0.138826 0.116118 0.127967 0.124784 0.981181 0.110508 ;
0.074520 0.123158 0.214040 0.178826 0.172506 0.121721 0.089836 0.133477 0.124763 0.113894 0.133076 0.123204 0.170060 0.073539 0.138812 0.116122 0.127966 0.124771 0.981184 0.110507 ;
0.074520 0.123159 0.214040 0.178776 0.172503 0.121721 0.089836 0.133475 0.124833 0.113858 0.133075 0.123206 0.170071 0.073541 0.138817 0.116121 0.127966 0.124776 0.981183 0.110507 ;
0.074520 0.123159 0.214040 0.178752 0.172501 0.121721 0.089836 0.133474 0.124867 0.113841 0.133074 0.123207 0.170076 0.073542 0.138819 0.116120 0.127967 0.124778 0.981182 0.110507 ;
0.074520 0.123158 0.214040 0.178813 0.172505 0.121721 0.089836 0.133476 0.124781 0.113885 0.133076 0.123204 0.170062 0.073539 0.138813 0.116122 0.127966 0.124772 0.981183 0.110507 ;
0.074520 0.123160 0.214040 0.178734 0.172500 0.121721 0.089836 0.133473 0.124900 0.113824 0.133073 0.123207 0.170081 0.073543 0.138822 0.116120 0.127967 0.124780 0.981182 0.110507 ;
0.074521 0.123160 0.214040 0.178697 0.172497 0.121721 0.089836 0.133471 0.124949 0.113799 0.133072 0.123209 0.170089 0.073545 0.138825 0.116119 0.127967 0.124783 0.981181 0.110508 ;
0.074520 0.123162 0.214026 0.179667 0.172522 0.121719 0.089833 0.133469 0.124889 0.113813 0.133058 0.123110 0.170083 0.073495 0.138852 0.116109 0.127961 0.124782 0.981175 0.110507 ;
0.074526 0.123176 0.214020 0.179412 0.172470 0.121718 0.089834 0.133416 0.126176 0.113118 0.133030 0.123084 0.170286 0.073503 0.138955 0.116069 0.127968 0.124863 0.981156 0.110511 ;
0.074648 0.124649 0.212969 0.208373 0.166272 0.121596 0.089705 0.118094 0.886727 0.015920 0.140960 0.115507 0.251832 0.069738 0.156981 0.113240 0.129232 0.151482 0.976932 0.109571 ;
0.074653 0.124651 0.213001 0.204819 0.166192 0.121599 0.089715 0.118094 0.886766 0.015917 0.140960 0.115762 0.251824 0.069901 0.156976 0.113262 0.129248 0.151487 0.976934 0.109576 ;
0.074519 0.123158 0.214038 0.178932 0.172512 0.121721 0.089835 0.133480 0.124702 0.113929 0.133076 0.123195 0.170050 0.073534 0.138810 0.116123 0.127965 0.124768 0.981184 0.110507 ;
0.074520 0.123159 0.214039 0.178849 0.172506 0.121721 0.089836 0.133476 0.124802 0.113875 0.133074 0.123199 0.170066 0.073538 0.138817 0.116121 0.127966 0.124774 0.981183 0.110507 ;
0.074652 0.124651 0.213000 0.204957 0.166195 0.121599 0.089714 0.118094 0.886764 0.015917 0.140960 0.115752 0.251825 0.069895 0.156976 0.113261 0.129247 0.151487 0.976934 0.109576 ;
0.074648 0.124649 0.212965 0.208898 0.166283 0.121596 0.089704 0.118094 0.886722 0.015921 0.140960 0.115470 0.251833 0.069715 0.156982 0.113237 0.129230 0.151482 0.976932 0.109570 ;
0.074519 0.123157 0.214039 0.178900 0.172511 0.121721 0.089835 0.133480 0.124664 0.113944 0.133079 0.123200 0.170044 0.073535 0.138805 0.116124 0.127965 0.124765 0.981185 0.110507 ;
];
X_settling = [];
X_settling_pattern = [];
