X = [0.957101 0.115275 0.225879 0.349083 0.019328 0.166031 0.797633 0.039815 0.172837 0.164274 0.145386 0.079215 0.089576 0.092991 0.184568 0.213667 0.068388 0.142933 0.251414 0.931994 ;
0.957393 0.114398 0.225977 0.355730 0.018933 0.163330 0.802458 0.040140 0.171100 0.161343 0.147472 0.079354 0.088483 0.091460 0.181935 0.214715 0.067619 0.143435 0.251566 0.932840 ;
0.957394 0.114423 0.225538 0.355515 0.018941 0.163497 0.802327 0.040190 0.171226 0.161528 0.147219 0.079238 0.088489 0.091530 0.182156 0.214998 0.067611 0.143756 0.251832 0.932834 ;
0.777183 0.344909 0.729695 0.071275 0.021344 0.835852 0.945438 0.867309 0.718261 0.913986 0.033863 0.172530 0.962610 0.939610 0.906172 0.104529 0.124413 0.041300 0.870598 0.031461 ;
0.777455 0.344810 0.729701 0.071258 0.021343 0.835878 0.945436 0.867128 0.718276 0.914003 0.033861 0.172530 0.962608 0.939605 0.906188 0.104517 0.124395 0.041293 0.870595 0.031475 ;
0.957462 0.114036 0.227875 0.358562 0.018800 0.161786 0.804255 0.040012 0.169995 0.159640 0.149225 0.079893 0.088117 0.090714 0.180155 0.213801 0.067454 0.142218 0.250381 0.933124 ;
0.957457 0.114054 0.227834 0.358423 0.018807 0.161851 0.804163 0.040011 0.170040 0.159711 0.149162 0.079880 0.088137 0.090748 0.180224 0.213808 0.067466 0.142238 0.250405 0.933108 ;
0.957088 0.115319 0.225827 0.348759 0.019346 0.166179 0.797403 0.039806 0.172935 0.164435 0.145261 0.079197 0.089629 0.093070 0.184720 0.213651 0.068420 0.142945 0.251442 0.931953 ;
0.773459 0.346249 0.729646 0.071467 0.021353 0.835543 0.945454 0.869485 0.718087 0.913778 0.033892 0.172511 0.962645 0.939660 0.905984 0.104651 0.124643 0.041372 0.870594 0.031283 ;
0.776638 0.345206 0.729719 0.071344 0.021346 0.835860 0.945479 0.868035 0.718273 0.913982 0.033869 0.172608 0.962607 0.939622 0.906174 0.104612 0.124481 0.041334 0.870639 0.031394 ;
0.777509 0.344787 0.729705 0.071251 0.021343 0.835887 0.945434 0.867063 0.718283 0.914009 0.033860 0.172529 0.962609 0.939604 0.906193 0.104509 0.124390 0.041289 0.870590 0.031480 ;
0.777251 0.344884 0.729696 0.071270 0.021344 0.835859 0.945438 0.867264 0.718265 0.913990 0.033863 0.172530 0.962610 0.939609 0.906176 0.104526 0.124408 0.041298 0.870597 0.031464 ;
0.777054 0.344954 0.729692 0.071282 0.021344 0.835840 0.945439 0.867388 0.718253 0.913978 0.033865 0.172529 0.962611 0.939611 0.906165 0.104534 0.124421 0.041303 0.870598 0.031454 ;
0.777209 0.344897 0.729695 0.071272 0.021344 0.835854 0.945438 0.867286 0.718262 0.913988 0.033863 0.172529 0.962610 0.939609 0.906173 0.104527 0.124410 0.041299 0.870597 0.031463 ;
0.777256 0.344880 0.729696 0.071270 0.021344 0.835859 0.945437 0.867255 0.718264 0.913990 0.033863 0.172529 0.962610 0.939608 0.906176 0.104525 0.124407 0.041298 0.870596 0.031465 ;
0.777133 0.344925 0.729694 0.071277 0.021344 0.835847 0.945438 0.867336 0.718258 0.913983 0.033864 0.172529 0.962611 0.939610 0.906169 0.104530 0.124415 0.041301 0.870598 0.031459 ;
];
X_settling = [];
X_settling_pattern = [];
