X = [0.397907 0.204207 0.063321 0.882165 0.851321 0.050590 0.909869 0.651899 0.967398 0.777552 0.858982 0.079205 0.961178 0.037150 0.948232 0.879281 0.957104 0.003789 0.075499 0.162204 ;
0.965455 0.061811 0.055639 0.895952 0.798706 0.092669 0.626357 0.663195 0.980858 0.710127 0.043190 0.019185 0.934300 0.294698 0.961572 0.556683 0.925849 0.862290 0.036048 0.069802 ;
0.382753 0.961040 0.062712 0.953084 0.663794 0.025143 0.227664 0.818795 0.991963 0.932034 0.851364 0.050262 0.019792 0.304880 0.986024 0.832427 0.960326 0.752927 0.035282 0.078186 ;
0.385017 0.615747 0.202205 0.927798 0.888333 0.057766 0.025607 0.643434 0.948767 0.821210 0.021487 0.045808 0.980484 0.940586 0.967951 0.855278 0.942823 0.082795 0.044618 0.026975 ;
0.269419 0.820211 0.065782 0.985451 0.911353 0.911870 0.087061 0.876160 0.063908 0.939156 0.014762 0.020262 0.970305 0.991752 0.648445 0.828844 0.031413 0.186467 0.018137 0.910620 ;
0.131293 0.951781 0.031491 0.987563 0.725082 0.718658 0.502539 0.960823 0.449540 0.981868 0.811247 0.023707 0.014645 0.847011 0.805880 0.879989 0.047608 0.747740 0.006359 0.951909 ;
0.888407 0.067873 0.057190 0.946643 0.882739 0.883686 0.867821 0.785289 0.120172 0.787209 0.030883 0.023863 0.901153 0.738617 0.482906 0.745977 0.017789 0.936551 0.038585 0.962299 ;
0.289796 0.117038 0.042657 0.962631 0.845248 0.755326 0.986323 0.814377 0.095127 0.900897 0.899878 0.055403 0.961853 0.084286 0.581835 0.917153 0.032226 0.015463 0.037691 0.985689 ;
0.579829 0.249883 0.957778 0.064926 0.007105 0.761286 0.184251 0.070841 0.062082 0.966724 0.128753 0.986681 0.802074 0.207177 0.948363 0.167602 0.688906 0.521589 0.965493 0.044019 ;
0.936864 0.228154 0.941165 0.057024 0.006801 0.872433 0.145905 0.065319 0.037300 0.978840 0.094930 0.993529 0.905641 0.948005 0.037113 0.050247 0.680050 0.031944 0.973215 0.059808 ;
0.023865 0.119170 0.905347 0.096127 0.007304 0.809988 0.225636 0.188527 0.027517 0.977124 0.044182 0.980719 0.830182 0.666605 0.266785 0.247323 0.491288 0.542858 0.949198 0.130319 ;
0.833029 0.276328 0.953780 0.080779 0.005502 0.099319 0.176166 0.111926 0.050695 0.974485 0.116769 0.987744 0.882171 0.150053 0.177284 0.282414 0.705929 0.639619 0.976251 0.068685 ;
0.938506 0.460256 0.942633 0.264641 0.935774 0.016021 0.968092 0.022410 0.096268 0.011807 0.893932 0.934757 0.007717 0.094739 0.255027 0.945977 0.017294 0.544287 0.980457 0.974492 ;
0.088263 0.187681 0.890296 0.151725 0.920698 0.697875 0.981732 0.017552 0.027083 0.006358 0.761199 0.958408 0.012670 0.339879 0.541833 0.913974 0.005748 0.535792 0.986014 0.986025 ;
0.967290 0.363696 0.898946 0.147477 0.926705 0.743266 0.957612 0.015315 0.071519 0.012228 0.812967 0.969572 0.020320 0.913944 0.032997 0.585477 0.020002 0.063633 0.983843 0.965121 ;
0.772969 0.587743 0.885116 0.196470 0.914376 0.679362 0.963324 0.015902 0.051163 0.010048 0.760757 0.927528 0.006766 0.128507 0.979299 0.896205 0.010718 0.440107 0.974823 0.964913 ;
];
X_settling = [];
X_settling_pattern = [];
