X = [0.122322 0.124269 0.139938 0.126585 0.154343 0.140041 0.132084 0.104363 0.138891 0.124342 0.161816 0.162693 0.154336 0.138051 0.121068 0.111624 0.200669 0.125037 0.129770 0.112916 ;
0.122350 0.124313 0.139932 0.126678 0.154299 0.140082 0.132100 0.104362 0.138944 0.124366 0.161705 0.162651 0.154286 0.138021 0.121112 0.111649 0.199665 0.125039 0.129750 0.112973 ;
0.122343 0.124401 0.139933 0.126609 0.154312 0.140061 0.132104 0.104334 0.138908 0.124363 0.161728 0.162571 0.154300 0.138040 0.121080 0.111632 0.200276 0.125034 0.129752 0.112930 ;
0.122310 0.124370 0.139944 0.126704 0.154360 0.140059 0.132082 0.104345 0.138939 0.124344 0.161782 0.162677 0.154380 0.138094 0.121106 0.111632 0.199608 0.125037 0.129765 0.112983 ;
0.122360 0.124327 0.139909 0.126519 0.154304 0.140066 0.132095 0.104335 0.138902 0.124395 0.161694 0.162649 0.154248 0.138017 0.121068 0.111647 0.200860 0.125038 0.129739 0.112890 ;
0.122361 0.124330 0.139909 0.126499 0.154301 0.140062 0.132096 0.104335 0.138894 0.124395 0.161701 0.162644 0.154245 0.138017 0.121061 0.111646 0.201037 0.125038 0.129739 0.112878 ;
0.122360 0.124322 0.139909 0.126512 0.154304 0.140065 0.132095 0.104335 0.138900 0.124395 0.161696 0.162648 0.154246 0.138017 0.121066 0.111647 0.200917 0.125038 0.129740 0.112886 ;
0.122360 0.124325 0.139909 0.126500 0.154303 0.140062 0.132095 0.104335 0.138895 0.124395 0.161702 0.162647 0.154246 0.138017 0.121061 0.111646 0.201029 0.125038 0.129740 0.112879 ;
0.122362 0.124332 0.139909 0.126731 0.154302 0.140121 0.132100 0.104330 0.139003 0.124421 0.161557 0.162640 0.154263 0.138013 0.121159 0.111673 0.198778 0.125040 0.129717 0.113019 ;
0.122352 0.124236 0.139907 0.126725 0.154332 0.140108 0.132084 0.104339 0.138991 0.124403 0.161601 0.162699 0.154269 0.138018 0.121158 0.111670 0.198929 0.125041 0.129741 0.113013 ;
0.122358 0.124319 0.139910 0.126751 0.154309 0.140122 0.132097 0.104330 0.139009 0.124419 0.161557 0.162647 0.154272 0.138016 0.121167 0.111673 0.198621 0.125040 0.129720 0.113030 ;
0.122375 0.124363 0.139899 0.126501 0.154273 0.140086 0.132107 0.104324 0.138914 0.124424 0.161642 0.162583 0.154234 0.138013 0.121072 0.111659 0.200848 0.125037 0.129719 0.112883 ;
0.122356 0.124274 0.139907 0.126740 0.154330 0.140113 0.132089 0.104332 0.139001 0.124410 0.161558 0.162734 0.154250 0.137995 0.121164 0.111673 0.198720 0.125042 0.129726 0.113028 ;
0.122352 0.124280 0.139911 0.126745 0.154328 0.140110 0.132089 0.104336 0.138998 0.124404 0.161583 0.162703 0.154266 0.138011 0.121162 0.111670 0.198743 0.125041 0.129733 0.113026 ;
0.122351 0.124273 0.139911 0.126752 0.154330 0.140112 0.132088 0.104338 0.139002 0.124404 0.161581 0.162715 0.154267 0.138010 0.121165 0.111670 0.198678 0.125042 0.129733 0.113031 ;
0.122353 0.124281 0.139911 0.126745 0.154327 0.140111 0.132089 0.104336 0.138999 0.124404 0.161583 0.162703 0.154266 0.138011 0.121162 0.111670 0.198741 0.125041 0.129733 0.113026 ;
];
X_settling = [];
X_settling_pattern = [];
