X = [0.424027 0.178395 0.050905 0.923900 0.925764 0.063792 0.232063 0.960821 0.969737 0.754766 0.855263 0.195421 0.856095 0.190416 0.944437 0.964850 0.813052 0.008543 0.223777 0.405783 ;
0.976900 0.017472 0.028647 0.978659 0.858784 0.084544 0.499394 0.969256 0.980744 0.771527 0.029823 0.122640 0.927495 0.330145 0.956724 0.030344 0.768383 0.808098 0.058383 0.133310 ;
0.388885 0.803363 0.066514 0.953846 0.826711 0.036018 0.276859 0.980579 0.993131 0.940790 0.793768 0.121133 0.193101 0.286233 0.986937 0.932282 0.817946 0.928606 0.150994 0.200236 ;
0.533496 0.884123 0.161880 0.950623 0.805672 0.041492 0.010864 0.956497 0.959017 0.840562 0.024745 0.097296 0.919796 0.940586 0.970008 0.850147 0.746670 0.129257 0.178370 0.107451 ;
0.563829 0.966463 0.486506 0.972785 0.749526 0.986908 0.082158 0.747472 0.085154 0.980807 0.012609 0.015837 0.921344 0.993176 0.304872 0.787247 0.197368 0.150460 0.025604 0.369268 ;
0.480375 0.828769 0.268197 0.982623 0.760840 0.983318 0.477194 0.905883 0.471433 0.994607 0.757304 0.032709 0.188556 0.844368 0.456774 0.925138 0.272934 0.983946 0.019876 0.453405 ;
0.965770 0.022633 0.171150 0.973375 0.842250 0.987244 0.738875 0.722979 0.137880 0.940185 0.025531 0.047000 0.855071 0.738617 0.250536 0.027691 0.160734 0.904865 0.016516 0.513489 ;
0.501467 0.062278 0.257834 0.947549 0.869850 0.985305 0.696886 0.679330 0.103973 0.954364 0.893187 0.083007 0.900694 0.385075 0.221128 0.909653 0.184077 0.033392 0.051118 0.678233 ;
0.840866 0.929249 0.937331 0.047207 0.020253 0.565625 0.185127 0.080023 0.204915 0.927616 0.027390 0.966966 0.973671 0.246874 0.952423 0.288739 0.884986 0.591445 0.971067 0.096091 ;
0.970657 0.468044 0.948861 0.041179 0.020418 0.753288 0.134802 0.121623 0.163897 0.955221 0.102399 0.977993 0.969398 0.957213 0.036708 0.264390 0.899813 0.022544 0.973064 0.107950 ;
0.686228 0.205294 0.943317 0.144393 0.018832 0.977844 0.188389 0.139363 0.122051 0.952390 0.061318 0.940084 0.963439 0.733915 0.206922 0.650439 0.790043 0.961256 0.942392 0.130843 ;
0.919557 0.039212 0.956968 0.047367 0.020638 0.495015 0.197794 0.148349 0.248250 0.952891 0.156717 0.976721 0.960568 0.489592 0.190184 0.345940 0.910347 0.805304 0.975146 0.148851 ;
0.959435 0.034929 0.833976 0.083077 0.929531 0.457653 0.635790 0.089315 0.163290 0.424400 0.832093 0.941219 0.013174 0.371913 0.363427 0.873880 0.017067 0.935306 0.956931 0.944021 ;
0.795376 0.382727 0.864483 0.100585 0.920258 0.967657 0.717786 0.034547 0.050293 0.418461 0.535438 0.904357 0.014623 0.282805 0.586050 0.918636 0.008548 0.919994 0.955590 0.943041 ;
0.974753 0.395292 0.827269 0.057347 0.925243 0.744439 0.691122 0.068110 0.100580 0.362266 0.701132 0.939244 0.017449 0.888602 0.053410 0.712253 0.023223 0.042523 0.958278 0.935745 ;
0.854831 0.989077 0.785147 0.081893 0.947433 0.598563 0.517332 0.048785 0.109642 0.507611 0.207785 0.848739 0.009843 0.113390 0.983496 0.796319 0.016849 0.599564 0.940519 0.919087 ;
];
X_settling = [];
X_settling_pattern = [];
