X = [0.061563 0.227963 0.560344 0.118695 0.127564 0.159942 0.074990 0.992270 0.288725 0.198362 0.092461 0.179074 0.139279 0.155866 0.037808 0.023399 0.111675 0.155554 0.409843 0.127366 ;
0.027104 0.766045 0.823090 0.850921 0.066321 0.100137 0.941338 0.030065 0.398103 0.058229 0.961335 0.456848 0.055060 0.101622 0.018686 0.348015 0.047328 0.114270 0.719932 0.061741 ;
0.016042 0.560627 0.712765 0.048933 0.069806 0.166313 0.061955 0.962449 0.484056 0.404298 0.944184 0.402411 0.049505 0.099127 0.023658 0.018321 0.057670 0.166242 0.686419 0.074273 ;
0.021845 0.021456 0.742981 0.629468 0.655453 0.882539 0.886953 0.082027 0.024685 0.024029 0.950685 0.011133 0.658960 0.919918 0.014803 0.063785 0.757748 0.555531 0.930478 0.787614 ;
0.021843 0.021463 0.742894 0.629277 0.655361 0.882481 0.886868 0.082021 0.024693 0.024044 0.950691 0.011136 0.658860 0.919872 0.014807 0.063780 0.757642 0.555476 0.930454 0.787517 ;
0.016766 0.533029 0.703095 0.049340 0.073550 0.182438 0.063211 0.961598 0.472775 0.397808 0.946396 0.370742 0.053612 0.103020 0.023171 0.017761 0.060857 0.168817 0.649526 0.078864 ;
0.027141 0.762844 0.823504 0.851162 0.066951 0.100878 0.941587 0.030097 0.395837 0.057785 0.961298 0.452725 0.055474 0.103284 0.018631 0.346663 0.047785 0.115357 0.721067 0.062280 ;
0.061198 0.228695 0.561196 0.118784 0.127188 0.159521 0.074946 0.992272 0.289345 0.198426 0.092742 0.180104 0.138900 0.155745 0.037815 0.023410 0.111322 0.155550 0.412010 0.127051 ;
0.060535 0.014471 0.790244 0.762857 0.709017 0.663058 0.806912 0.964249 0.029361 0.013921 0.033866 0.013826 0.669884 0.916938 0.022734 0.055460 0.794434 0.483618 0.922917 0.779502 ;
0.021861 0.021443 0.744022 0.631393 0.655780 0.882664 0.887755 0.082074 0.024689 0.023863 0.950672 0.011111 0.659206 0.920205 0.014775 0.063888 0.757983 0.556076 0.930705 0.787692 ;
0.021872 0.021362 0.744034 0.631758 0.656529 0.883210 0.887960 0.082100 0.024592 0.023846 0.950610 0.011094 0.660124 0.920468 0.014746 0.063842 0.758986 0.556194 0.930766 0.788745 ;
0.021866 0.021440 0.744258 0.631810 0.655829 0.882655 0.887910 0.082131 0.024694 0.023826 0.950660 0.011107 0.659207 0.920260 0.014770 0.063907 0.758007 0.556186 0.930756 0.787677 ;
0.027748 0.027884 0.051529 0.042669 0.452883 0.865195 0.082236 0.066633 0.038574 0.447977 0.944277 0.374673 0.587226 0.097466 0.043118 0.070589 0.669713 0.071194 0.076785 0.724567 ;
0.027865 0.025994 0.046950 0.039847 0.469577 0.872445 0.076883 0.067069 0.036434 0.466046 0.944494 0.406847 0.602495 0.090158 0.042423 0.069660 0.692525 0.065288 0.071269 0.743171 ;
0.027713 0.028445 0.052798 0.043421 0.448115 0.862955 0.083619 0.066525 0.039233 0.443232 0.944265 0.366456 0.582730 0.099325 0.043356 0.070873 0.663096 0.072805 0.078296 0.719007 ;
0.056943 0.014365 0.051607 0.066969 0.580093 0.770604 0.038423 0.953676 0.035568 0.392104 0.040429 0.508983 0.712061 0.077825 0.056120 0.053833 0.796586 0.041732 0.056161 0.791567 ;
];
X_settling = [];
X_settling_pattern = [];
