X = [0.177610 0.029680 0.065264 0.878837 0.934816 0.050590 0.905315 0.951691 0.968675 0.825472 0.987672 0.081270 0.961617 0.037150 0.944611 0.936448 0.970633 0.005166 0.072591 0.151705 ;
0.968651 0.016689 0.028024 0.941720 0.919931 0.092669 0.626357 0.972097 0.975995 0.764049 0.052760 0.019209 0.934300 0.294576 0.961572 0.018054 0.940787 0.981686 0.019424 0.069802 ;
0.359223 0.973293 0.041133 0.948469 0.845655 0.030805 0.221590 0.982462 0.991864 0.940247 0.958631 0.030379 0.022086 0.344286 0.983269 0.759097 0.962220 0.946287 0.028883 0.074413 ;
0.430568 0.900310 0.202753 0.925125 0.960319 0.057766 0.025607 0.972044 0.942880 0.821210 0.021487 0.045808 0.984054 0.940586 0.966848 0.816944 0.954813 0.011557 0.051789 0.026975 ;
0.093305 0.945809 0.075572 0.984241 0.911353 0.990128 0.087061 0.982538 0.064447 0.983445 0.026581 0.020280 0.983484 0.991553 0.198901 0.806382 0.031048 0.041313 0.015633 0.910620 ;
0.056867 0.981619 0.013685 0.989449 0.743425 0.961181 0.504655 0.991935 0.399922 0.994960 0.948902 0.013063 0.021684 0.873839 0.306130 0.840031 0.061749 0.970530 0.008138 0.951909 ;
0.777064 0.020225 0.029743 0.968236 0.893835 0.985221 0.867821 0.953884 0.106141 0.911342 0.030883 0.023879 0.928647 0.738617 0.105725 0.041749 0.022429 0.990667 0.019632 0.962299 ;
0.053516 0.015820 0.034666 0.962649 0.862397 0.967663 0.985212 0.951923 0.094041 0.973385 0.985092 0.062667 0.974792 0.084286 0.147550 0.931548 0.061232 0.028986 0.039354 0.983591 ;
0.741736 0.936118 0.978422 0.016364 0.007555 0.766478 0.093230 0.048865 0.027294 0.984645 0.090117 0.984730 0.908245 0.206495 0.933015 0.204627 0.959101 0.607265 0.987585 0.015923 ;
0.965952 0.339353 0.990434 0.015062 0.007704 0.906691 0.073667 0.047366 0.013809 0.992463 0.071240 0.993536 0.968332 0.948005 0.027567 0.046849 0.946098 0.025073 0.989608 0.022511 ;
0.033410 0.125950 0.955446 0.026631 0.007984 0.874116 0.117106 0.152056 0.013888 0.992061 0.050121 0.980349 0.940925 0.664500 0.060384 0.516904 0.893809 0.945037 0.978090 0.050023 ;
0.925854 0.197873 0.987811 0.020611 0.006739 0.099319 0.106398 0.058447 0.022070 0.990752 0.114610 0.992649 0.963348 0.147131 0.177284 0.203765 0.964855 0.666577 0.989704 0.028804 ;
0.969852 0.513482 0.973558 0.044229 0.977059 0.016021 0.971826 0.026221 0.094463 0.011820 0.914218 0.961386 0.010187 0.074010 0.189688 0.905620 0.023154 0.736515 0.979802 0.974492 ;
0.142067 0.395647 0.956737 0.018054 0.966109 0.774075 0.981241 0.022455 0.027247 0.008453 0.767282 0.956993 0.013504 0.273693 0.158223 0.962400 0.006284 0.940551 0.985267 0.985521 ;
0.980953 0.392786 0.977688 0.024657 0.963211 0.764049 0.957612 0.017646 0.058582 0.013368 0.812967 0.969277 0.020689 0.888602 0.020132 0.514475 0.016860 0.078933 0.981632 0.965121 ;
0.849002 0.991605 0.954318 0.031851 0.963262 0.742013 0.963324 0.019913 0.051719 0.014868 0.843507 0.916450 0.007111 0.106199 0.960074 0.879891 0.010992 0.597013 0.974823 0.964913 ;
];
X_settling = [];
X_settling_pattern = [];
