X = [0.189294 0.026391 0.065264 0.944487 0.977543 0.055192 0.910953 0.959115 0.968675 0.806643 0.987729 0.083623 0.970308 0.034156 0.938915 0.964757 0.971696 0.007311 0.171046 0.151705 ;
0.973955 0.017009 0.028024 0.978525 0.965159 0.085093 0.797406 0.971853 0.976034 0.753931 0.036941 0.019263 0.983506 0.294576 0.946594 0.029530 0.942851 0.986513 0.056240 0.069802 ;
0.264546 0.969803 0.041133 0.956459 0.931539 0.026612 0.245018 0.981918 0.992776 0.931772 0.939199 0.051679 0.024367 0.266566 0.986024 0.940199 0.965388 0.962870 0.082126 0.064241 ;
0.460073 0.900310 0.202753 0.969699 0.982572 0.055580 0.020660 0.950585 0.942880 0.789722 0.021955 0.045808 0.986416 0.940586 0.966848 0.876288 0.964275 0.015703 0.141118 0.026975 ;
0.449375 0.950153 0.075572 0.983293 0.920904 0.989729 0.079721 0.972052 0.072439 0.979394 0.020254 0.020377 0.983955 0.991000 0.273101 0.831483 0.040165 0.041313 0.015633 0.910620 ;
0.327455 0.979577 0.014861 0.980471 0.784100 0.974612 0.503764 0.991251 0.420202 0.994841 0.930550 0.024767 0.031151 0.825739 0.391058 0.944991 0.062873 0.974460 0.009000 0.942646 ;
0.966689 0.021674 0.030943 0.968236 0.893716 0.987860 0.939246 0.951442 0.113371 0.911342 0.026207 0.023879 0.981651 0.738617 0.182957 0.039753 0.022437 0.990667 0.019632 0.962299 ;
0.292824 0.009638 0.034666 0.957667 0.889641 0.969090 0.986422 0.962411 0.094275 0.969791 0.984814 0.064230 0.984425 0.081770 0.200985 0.934664 0.061232 0.042495 0.045320 0.983591 ;
0.836559 0.936118 0.980095 0.017423 0.007992 0.773956 0.038489 0.078923 0.052939 0.908212 0.016287 0.986760 0.973650 0.206495 0.934571 0.209644 0.983981 0.611751 0.988378 0.015289 ;
0.971414 0.339601 0.990434 0.014415 0.006801 0.898835 0.024708 0.081970 0.033223 0.929854 0.055267 0.993536 0.989521 0.947027 0.036413 0.049557 0.985567 0.025073 0.989608 0.022511 ;
0.679150 0.128252 0.970521 0.022360 0.007304 0.992355 0.040451 0.198160 0.026922 0.940952 0.051154 0.980778 0.982330 0.646642 0.063664 0.575649 0.964750 0.945037 0.978090 0.049762 ;
0.925854 0.023297 0.987811 0.013755 0.005502 0.098785 0.045395 0.110409 0.052480 0.941584 0.119668 0.992649 0.985956 0.136787 0.177284 0.248227 0.988331 0.890239 0.989704 0.028804 ;
0.967195 0.050065 0.973558 0.029728 0.978921 0.015904 0.972709 0.024587 0.094463 0.011483 0.929672 0.965262 0.013824 0.070131 0.189688 0.887639 0.023647 0.946728 0.983208 0.973703 ;
0.842512 0.400528 0.969473 0.018054 0.969678 0.971597 0.982607 0.015547 0.027528 0.008150 0.724318 0.958494 0.015597 0.273693 0.155759 0.941295 0.006297 0.940551 0.985267 0.985372 ;
0.981969 0.392786 0.977688 0.024657 0.973349 0.757971 0.962486 0.016567 0.063068 0.010294 0.821727 0.969584 0.020939 0.888602 0.022158 0.393717 0.020044 0.078933 0.981632 0.965021 ;
0.865171 0.991705 0.954318 0.029958 0.971907 0.615957 0.963324 0.019050 0.061759 0.014868 0.468466 0.928171 0.010257 0.098416 0.961984 0.852721 0.011018 0.597013 0.974823 0.963323 ;
];
X_settling = [];
X_settling_pattern = [];
