X = [0.104053 0.120977 0.141788 0.122208 0.159641 0.169795 0.120791 0.142868 0.140941 0.131920 0.167486 0.180921 0.158263 0.174477 0.114773 0.124468 0.204579 0.143090 0.172233 0.137749 ;
0.104048 0.120976 0.141789 0.122219 0.159641 0.169800 0.120793 0.142877 0.140945 0.131922 0.167483 0.180921 0.158263 0.174476 0.114776 0.124468 0.204494 0.143090 0.172234 0.137754 ;
0.104044 0.120978 0.141790 0.122221 0.159641 0.169809 0.120794 0.142859 0.140949 0.131926 0.167476 0.180928 0.158263 0.174474 0.114780 0.124465 0.204444 0.143086 0.172227 0.137756 ;
0.104071 0.120975 0.141783 0.122180 0.159641 0.169771 0.120783 0.142872 0.140924 0.131908 0.167505 0.180910 0.158264 0.174483 0.114761 0.124473 0.204856 0.143097 0.172243 0.137735 ;
0.104068 0.120975 0.141784 0.122188 0.159642 0.169773 0.120784 0.142889 0.140927 0.131910 0.167504 0.180913 0.158262 0.174480 0.114762 0.124474 0.204797 0.143098 0.172242 0.137739 ;
0.104066 0.120976 0.141784 0.122185 0.159640 0.169781 0.120785 0.142856 0.140929 0.131912 0.167497 0.180914 0.158264 0.174482 0.114765 0.124470 0.204788 0.143092 0.172239 0.137738 ;
0.104057 0.120972 0.141786 0.122208 0.159641 0.169788 0.120789 0.142871 0.140938 0.131917 0.167490 0.180915 0.158265 0.174480 0.114771 0.124470 0.204593 0.143092 0.172240 0.137750 ;
0.104084 0.120972 0.141780 0.122162 0.159641 0.169753 0.120777 0.142881 0.140913 0.131900 0.167518 0.180902 0.158264 0.174486 0.114752 0.124477 0.205034 0.143102 0.172252 0.137727 ;
0.104028 0.120976 0.141780 0.122330 0.159645 0.169698 0.120810 0.143598 0.140941 0.131892 0.167598 0.180833 0.158251 0.174493 0.114732 0.124577 0.204292 0.143231 0.172367 0.137786 ;
0.103951 0.120954 0.141804 0.122501 0.159662 0.169781 0.120841 0.143704 0.141015 0.131941 0.167529 0.180884 0.158245 0.174453 0.114785 0.124570 0.202822 0.143222 0.172331 0.137871 ;
0.104068 0.120981 0.141781 0.122164 0.159629 0.169790 0.120786 0.142777 0.140927 0.131910 0.167492 0.180897 0.158274 0.174499 0.114764 0.124463 0.204900 0.143082 0.172250 0.137730 ;
0.103914 0.121003 0.141817 0.122391 0.159622 0.169999 0.120855 0.142728 0.141063 0.132003 0.167340 0.180971 0.158280 0.174470 0.114863 0.124424 0.202688 0.143029 0.172183 0.137838 ;
0.103914 0.121001 0.141830 0.122393 0.159651 0.170031 0.120844 0.142653 0.141075 0.132030 0.167304 0.181073 0.158254 0.174413 0.114886 0.124399 0.202514 0.143004 0.172083 0.137840 ;
0.103899 0.121027 0.141866 0.122335 0.159703 0.170239 0.120823 0.142076 0.141134 0.132133 0.167134 0.181380 0.158209 0.174290 0.114978 0.124287 0.202128 0.142876 0.171784 0.137820 ;
0.103903 0.120989 0.141845 0.122447 0.159687 0.170047 0.120840 0.142772 0.141095 0.132056 0.167287 0.181166 0.158223 0.174350 0.114905 0.124400 0.202088 0.143012 0.172010 0.137863 ;
0.103919 0.121010 0.141854 0.122390 0.159717 0.170080 0.120820 0.142686 0.141094 0.132081 0.167264 0.181292 0.158190 0.174290 0.114919 0.124377 0.202378 0.142994 0.171892 0.137831 ;
];
X_settling = [];
X_settling_pattern = [];
