X = [0.350741 0.510180 0.058703 0.624275 0.797410 0.044219 0.933637 0.626247 0.405682 0.790308 0.389578 0.081771 0.970132 0.194540 0.957866 0.653740 0.963091 0.003809 0.089702 0.366132 ;
0.627304 0.068704 0.070278 0.579612 0.789354 0.049461 0.664136 0.659909 0.435196 0.738661 0.162071 0.029881 0.905804 0.370910 0.919675 0.542654 0.944330 0.858579 0.033797 0.202987 ;
0.523688 0.972268 0.068423 0.543079 0.641291 0.031484 0.257266 0.750943 0.603856 0.913248 0.769942 0.091455 0.022590 0.358375 0.969152 0.622973 0.965623 0.417646 0.119197 0.226719 ;
0.317839 0.688820 0.189830 0.493623 0.766182 0.052718 0.153665 0.463018 0.321525 0.783126 0.014365 0.041021 0.983001 0.965117 0.968054 0.809186 0.953739 0.083380 0.067327 0.194811 ;
0.455581 0.833320 0.429459 0.940694 0.820402 0.540416 0.226630 0.586487 0.146233 0.798535 0.014762 0.022012 0.953396 0.982134 0.522070 0.828844 0.034079 0.172719 0.027346 0.410320 ;
0.359520 0.971313 0.285513 0.923185 0.710459 0.310009 0.586005 0.779372 0.397189 0.934936 0.789760 0.044420 0.007111 0.721264 0.682058 0.678216 0.051915 0.334342 0.024020 0.389750 ;
0.421415 0.089994 0.331689 0.884292 0.876790 0.545264 0.872429 0.574207 0.290132 0.660133 0.103342 0.042597 0.877871 0.649161 0.387467 0.713226 0.029037 0.933364 0.036516 0.483374 ;
0.291871 0.342671 0.307066 0.949283 0.826019 0.273175 0.980814 0.573066 0.221773 0.780951 0.483443 0.056159 0.949043 0.200217 0.621275 0.741572 0.038013 0.014624 0.036751 0.639071 ;
0.579829 0.391170 0.951907 0.118087 0.030796 0.714799 0.328267 0.132407 0.280275 0.972922 0.134677 0.959061 0.564746 0.508783 0.405265 0.139549 0.727828 0.397339 0.901585 0.065244 ;
0.937869 0.409667 0.952251 0.180732 0.027380 0.818470 0.239771 0.109618 0.236442 0.979374 0.091629 0.962567 0.751004 0.961793 0.032905 0.049212 0.680050 0.027308 0.895979 0.051404 ;
0.030169 0.377637 0.940969 0.182456 0.034939 0.634934 0.406955 0.138917 0.141269 0.975060 0.064861 0.962332 0.696455 0.598635 0.369840 0.241973 0.516340 0.493817 0.768887 0.064935 ;
0.597081 0.418019 0.950796 0.151820 0.020773 0.068682 0.304898 0.124993 0.215458 0.979773 0.045897 0.967279 0.691426 0.181089 0.258588 0.272686 0.722427 0.599440 0.910083 0.053056 ;
0.576224 0.501614 0.749481 0.157426 0.852303 0.017570 0.977445 0.053441 0.286811 0.386864 0.762307 0.891663 0.077470 0.205911 0.255207 0.932678 0.143740 0.492840 0.932263 0.857533 ;
0.052097 0.435173 0.692885 0.126810 0.827687 0.602654 0.985788 0.042084 0.189829 0.296082 0.743707 0.915326 0.145524 0.604477 0.321656 0.889974 0.052600 0.526387 0.928895 0.860395 ;
0.934180 0.470003 0.630360 0.172494 0.842983 0.750150 0.963783 0.063287 0.300171 0.399325 0.812967 0.863983 0.152851 0.959212 0.026544 0.581719 0.117914 0.066336 0.937347 0.831565 ;
0.673742 0.674868 0.671247 0.116521 0.818320 0.655085 0.973980 0.051163 0.327360 0.370003 0.732180 0.879055 0.069098 0.594674 0.416052 0.849790 0.080988 0.349613 0.958673 0.795468 ;
];
X_settling = [];
X_settling_pattern = [];
