X = [0.091082 0.017623 0.182513 0.997227 0.013598 0.047494 0.012936 0.071104 0.093999 0.028153 0.019955 0.009403 0.999527 0.043144 0.975116 0.040670 0.052319 0.021480 0.011337 0.038058 ;
0.062619 0.010921 0.094560 0.999321 0.005617 0.024298 0.007419 0.053042 0.045284 0.012512 0.012979 0.007935 0.998513 0.018252 0.987814 0.039439 0.039111 0.006309 0.997751 0.011456 ;
0.091067 0.017608 0.182471 0.997230 0.013556 0.047481 0.012933 0.071101 0.094023 0.028149 0.020012 0.009392 0.999525 0.043141 0.975144 0.040626 0.052361 0.021479 0.011295 0.038010 ;
0.062699 0.010949 0.094615 0.999319 0.005634 0.024369 0.007435 0.053065 0.045307 0.012525 0.012990 0.007957 0.998512 0.018269 0.987772 0.039563 0.039180 0.006320 0.997741 0.011505 ;
0.015182 0.004667 0.045529 0.998789 0.996168 0.013456 0.005069 0.015414 0.044004 0.013057 0.019907 0.006767 0.986226 0.011693 0.930087 0.031968 0.006637 0.003654 0.994592 0.996330 ;
0.019516 0.005454 0.092551 0.997144 0.995391 0.019242 0.007292 0.020171 0.100122 0.029873 0.068463 0.005351 0.992735 0.025410 0.915984 0.022509 0.011183 0.013591 0.001984 0.997799 ;
0.016464 0.002064 0.015643 0.998756 0.997508 0.009163 0.009348 0.015362 0.039177 0.018084 0.040805 0.006830 0.054521 0.012511 0.869180 0.014922 0.002203 0.002290 0.999879 0.996938 ;
0.019519 0.005455 0.092554 0.997143 0.995387 0.019246 0.007295 0.020174 0.100149 0.029879 0.068574 0.005352 0.992725 0.025414 0.915978 0.022514 0.011191 0.013599 0.001980 0.997799 ;
0.835445 0.013259 0.918365 0.066491 0.056950 0.832060 0.980436 0.957474 0.893567 0.100794 0.008725 0.989435 0.010836 0.888413 0.911740 0.960930 0.924884 0.848697 0.003491 0.990451 ;
0.835407 0.013233 0.918292 0.066701 0.057016 0.831839 0.980420 0.957455 0.893608 0.100642 0.008719 0.989417 0.010827 0.888400 0.911841 0.960864 0.924742 0.848478 0.003494 0.990456 ;
0.835389 0.013248 0.918322 0.066570 0.057005 0.831941 0.980426 0.957457 0.893574 0.100722 0.008723 0.989427 0.010833 0.888397 0.911774 0.960895 0.924814 0.848592 0.003493 0.990457 ;
0.834846 0.013150 0.917934 0.067271 0.057512 0.830859 0.980334 0.957299 0.893632 0.100082 0.008714 0.989353 0.010810 0.888251 0.912066 0.960575 0.924172 0.847644 0.003506 0.990511 ;
0.091135 0.017660 0.182591 0.997216 0.013684 0.047570 0.012957 0.071115 0.094009 0.028182 0.019932 0.009428 0.999527 0.043160 0.975034 0.040777 0.052327 0.021512 0.011339 0.038217 ;
0.037897 0.678757 0.945458 0.004792 0.020596 0.803944 0.025998 0.037835 0.047950 0.485388 0.670190 0.997372 0.997572 0.016708 0.015237 0.955709 0.982042 0.866798 0.006732 0.017228 ;
0.129270 0.689692 0.943324 0.169661 0.027280 0.776537 0.021898 0.022562 0.900554 0.045285 0.608352 0.994360 0.998431 0.018020 0.023920 0.965118 0.973635 0.804838 0.002385 0.019199 ;
0.091136 0.017660 0.182581 0.997215 0.013680 0.047571 0.012958 0.071114 0.094021 0.028185 0.019948 0.009428 0.999526 0.043161 0.975034 0.040775 0.052340 0.021516 0.011327 0.038222 ;
];
X_settling = [];
X_settling_pattern = [];
