X = [0.522737 0.576465 0.235748 0.540915 0.756323 0.456156 0.814209 0.579427 0.413757 0.722709 0.473180 0.405956 0.638880 0.671748 0.465004 0.613846 0.521684 0.533095 0.449421 0.496283 ;
0.562123 0.443393 0.130774 0.583638 0.668642 0.511137 0.526751 0.694074 0.437190 0.679770 0.166040 0.433227 0.630205 0.450067 0.308773 0.560211 0.528751 0.532043 0.457196 0.501447 ;
0.564109 0.854173 0.134978 0.549185 0.682918 0.454412 0.454258 0.757455 0.626003 0.907619 0.765180 0.486092 0.636752 0.452420 0.442722 0.595261 0.528751 0.532752 0.442636 0.491764 ;
0.498010 0.451411 0.301481 0.563090 0.702826 0.498580 0.153881 0.507383 0.389224 0.679770 0.459985 0.186474 0.612741 0.971454 0.563125 0.750931 0.487524 0.532043 0.474199 0.512692 ;
0.526928 0.541251 0.469179 0.536108 0.674907 0.496919 0.188919 0.623141 0.195464 0.711623 0.401314 0.209361 0.624377 0.972818 0.535528 0.756623 0.492826 0.532043 0.442636 0.491764 ;
0.550801 0.851793 0.292154 0.559727 0.666027 0.434063 0.503003 0.799674 0.402198 0.919137 0.866347 0.435651 0.645944 0.627304 0.488018 0.559209 0.518964 0.532043 0.442636 0.489998 ;
0.539549 0.449178 0.273950 0.536610 0.701640 0.511137 0.548511 0.596331 0.290566 0.679770 0.143904 0.469555 0.605359 0.525218 0.449788 0.572473 0.520097 0.532043 0.481106 0.516383 ;
0.529040 0.496487 0.404215 0.524134 0.743150 0.310580 0.832982 0.556706 0.229121 0.696472 0.430289 0.459329 0.645605 0.463645 0.595860 0.554438 0.528031 0.533883 0.442963 0.491983 ;
0.680687 0.353654 0.718345 0.382354 0.639346 0.496919 0.503003 0.599807 0.460868 0.716430 0.581943 0.662025 0.596953 0.519421 0.452112 0.270320 0.527727 0.545870 0.442636 0.490023 ;
0.554816 0.398814 0.726422 0.325720 0.663067 0.496919 0.433308 0.566546 0.426927 0.689771 0.671907 0.689578 0.600272 0.961416 0.052283 0.275745 0.528751 0.545477 0.485844 0.520363 ;
0.522616 0.481380 0.703240 0.386281 0.678388 0.498166 0.565096 0.618123 0.283749 0.723580 0.477011 0.633125 0.598705 0.579307 0.499970 0.293393 0.516183 0.545870 0.473412 0.503120 ;
0.527853 0.470241 0.643045 0.325720 0.667773 0.040537 0.549318 0.575819 0.429888 0.721669 0.390059 0.719413 0.548795 0.530773 0.425247 0.263340 0.528751 0.544091 0.512950 0.538149 ;
0.522694 0.439462 0.397204 0.355470 0.840695 0.017241 0.836456 0.052690 0.473785 0.735223 0.550956 0.624776 0.121407 0.669468 0.369925 0.714872 0.521625 0.532043 0.733525 0.686846 ;
0.562594 0.361474 0.471117 0.346467 0.837220 0.497538 0.865135 0.041537 0.301958 0.689234 0.467377 0.644576 0.114409 0.576197 0.444358 0.704280 0.517543 0.532519 0.733525 0.680232 ;
0.535279 0.372280 0.442770 0.318524 0.808358 0.496919 0.822649 0.063287 0.428716 0.682473 0.637081 0.613120 0.161420 0.960246 0.041604 0.700134 0.524626 0.532043 0.685010 0.652546 ;
0.694069 0.486024 0.486809 0.290953 0.824764 0.498502 0.861095 0.049318 0.451613 0.758817 0.580026 0.676404 0.137031 0.633337 0.459675 0.694086 0.520684 0.532043 0.733525 0.686846 ;
];
X_settling = [];
X_settling_pattern = [];
