X = [0.127814 0.116596 0.156674 0.124849 0.119303 0.120085 0.132022 0.106469 0.122344 0.119992 0.106549 0.099466 0.147174 0.119785 0.112024 0.128372 0.138817 0.115445 0.109110 0.130406 ;
0.127823 0.116596 0.156702 0.124871 0.119303 0.120086 0.132108 0.106468 0.122348 0.119993 0.106547 0.099465 0.147176 0.119781 0.112024 0.128368 0.138817 0.115447 0.109111 0.130406 ;
0.127791 0.116596 0.156820 0.124882 0.119311 0.120086 0.132000 0.106475 0.122354 0.119993 0.106561 0.099494 0.147109 0.119780 0.112024 0.128376 0.138786 0.115437 0.109136 0.130405 ;
0.127820 0.116596 0.156696 0.124857 0.119307 0.120085 0.132033 0.106469 0.122346 0.119993 0.106547 0.099466 0.147167 0.119784 0.112024 0.128369 0.138817 0.115444 0.109110 0.130406 ;
0.127856 0.116596 0.156847 0.124871 0.119319 0.120085 0.131884 0.106475 0.122352 0.119996 0.106568 0.099456 0.147126 0.119783 0.112024 0.128306 0.138863 0.115435 0.109116 0.130407 ;
0.127833 0.116596 0.156756 0.124876 0.119306 0.120086 0.132066 0.106468 0.122349 0.119993 0.106543 0.099462 0.147171 0.119781 0.112024 0.128357 0.138820 0.115450 0.109113 0.130406 ;
0.127824 0.116596 0.156708 0.124873 0.119302 0.120086 0.132110 0.106468 0.122348 0.119993 0.106546 0.099464 0.147177 0.119781 0.112024 0.128366 0.138819 0.115448 0.109111 0.130406 ;
0.127828 0.116596 0.156706 0.124857 0.119308 0.120085 0.132029 0.106469 0.122345 0.119991 0.106543 0.099460 0.147179 0.119783 0.112024 0.128363 0.138825 0.115446 0.109109 0.130406 ;
0.127838 0.116595 0.156703 0.124865 0.119315 0.120086 0.132081 0.106458 0.122344 0.119992 0.106541 0.099457 0.147262 0.119782 0.112024 0.128360 0.138827 0.115442 0.109106 0.130407 ;
0.127839 0.116595 0.156696 0.124860 0.119314 0.120085 0.132064 0.106458 0.122343 0.119992 0.106543 0.099457 0.147264 0.119783 0.112024 0.128356 0.138828 0.115442 0.109105 0.130407 ;
0.127838 0.116595 0.156703 0.124861 0.119316 0.120085 0.132062 0.106458 0.122343 0.119992 0.106541 0.099458 0.147262 0.119783 0.112024 0.128360 0.138827 0.115442 0.109106 0.130407 ;
0.127837 0.116595 0.156703 0.124861 0.119314 0.120085 0.132065 0.106458 0.122343 0.119992 0.106541 0.099458 0.147262 0.119783 0.112024 0.128360 0.138827 0.115442 0.109107 0.130407 ;
0.127802 0.116596 0.156666 0.124858 0.119298 0.120085 0.132053 0.106468 0.122346 0.119997 0.106558 0.099471 0.147175 0.119784 0.112024 0.128375 0.138805 0.115441 0.109111 0.130406 ;
0.127806 0.116596 0.156665 0.124858 0.119301 0.120085 0.132051 0.106468 0.122346 0.119996 0.106557 0.099469 0.147177 0.119784 0.112024 0.128373 0.138807 0.115440 0.109109 0.130406 ;
0.127808 0.116596 0.156660 0.124857 0.119300 0.120085 0.132053 0.106468 0.122346 0.119997 0.106557 0.099468 0.147178 0.119784 0.112024 0.128370 0.138808 0.115440 0.109109 0.130406 ;
0.127806 0.116596 0.156665 0.124861 0.119300 0.120085 0.132069 0.106468 0.122346 0.119996 0.106556 0.099469 0.147177 0.119783 0.112024 0.128373 0.138807 0.115440 0.109110 0.130406 ;
];
X_settling = [];
X_settling_pattern = [];
