X = [0.113429 0.120847 0.140346 0.133064 0.159500 0.159538 0.120113 0.092026 0.153244 0.135299 0.164260 0.167650 0.161514 0.170976 0.120972 0.118172 0.157336 0.143287 0.167091 0.141574 ;
0.113508 0.120833 0.140345 0.133009 0.159505 0.159512 0.120091 0.092024 0.153212 0.135273 0.164293 0.167638 0.161524 0.170996 0.120949 0.118177 0.157706 0.143295 0.167128 0.141566 ;
0.113490 0.120839 0.140345 0.133020 0.159501 0.159518 0.120098 0.092025 0.153219 0.135277 0.164287 0.167636 0.161525 0.170998 0.120953 0.118176 0.157631 0.143294 0.167128 0.141567 ;
0.113427 0.120849 0.140344 0.133065 0.159495 0.159540 0.120115 0.092028 0.153244 0.135297 0.164263 0.167646 0.161519 0.170987 0.120971 0.118174 0.157332 0.143289 0.167108 0.141575 ;
0.113429 0.120849 0.140344 0.133063 0.159495 0.159541 0.120115 0.092028 0.153245 0.135298 0.164263 0.167646 0.161520 0.170988 0.120971 0.118174 0.157341 0.143290 0.167110 0.141574 ;
0.113424 0.120862 0.140346 0.133062 0.159492 0.159543 0.120119 0.092025 0.153245 0.135298 0.164258 0.167640 0.161515 0.170982 0.120971 0.118171 0.157343 0.143286 0.167094 0.141573 ;
0.113446 0.120834 0.140346 0.133056 0.159502 0.159529 0.120108 0.092028 0.153237 0.135290 0.164270 0.167644 0.161520 0.170985 0.120967 0.118173 0.157399 0.143289 0.167108 0.141575 ;
0.113503 0.120831 0.140344 0.133013 0.159504 0.159511 0.120092 0.092026 0.153213 0.135273 0.164295 0.167640 0.161528 0.171003 0.120950 0.118177 0.157687 0.143296 0.167137 0.141566 ;
0.113290 0.120944 0.140302 0.133097 0.159352 0.159657 0.120198 0.092039 0.153298 0.135328 0.164268 0.167567 0.161645 0.171252 0.120979 0.118196 0.157017 0.143329 0.167459 0.141582 ;
0.113347 0.120770 0.140301 0.133118 0.159417 0.159626 0.120149 0.092056 0.153301 0.135323 0.164275 0.167630 0.161649 0.171221 0.120986 0.118209 0.156876 0.143337 0.167469 0.141602 ;
0.113374 0.120900 0.140307 0.133044 0.159384 0.159628 0.120159 0.092033 0.153273 0.135314 0.164288 0.167588 0.161649 0.171244 0.120966 0.118195 0.157341 0.143329 0.167443 0.141572 ;
0.113168 0.120913 0.140336 0.133226 0.159442 0.159656 0.120205 0.092040 0.153358 0.135386 0.164163 0.167660 0.161520 0.170989 0.121043 0.118164 0.156198 0.143276 0.167086 0.141594 ;
0.113125 0.120930 0.140372 0.133270 0.159540 0.159669 0.120182 0.092004 0.153404 0.135462 0.164046 0.167807 0.161353 0.170691 0.121100 0.118135 0.155808 0.143226 0.166616 0.141582 ;
0.113227 0.120895 0.140372 0.133207 0.159558 0.159627 0.120145 0.092002 0.153360 0.135427 0.164090 0.167799 0.161371 0.170714 0.121071 0.118142 0.156250 0.143235 0.166663 0.141577 ;
0.113214 0.120879 0.140372 0.133224 0.159566 0.159622 0.120140 0.092005 0.153363 0.135432 0.164087 0.167822 0.161366 0.170703 0.121076 0.118144 0.156149 0.143238 0.166650 0.141583 ;
0.113229 0.120907 0.140368 0.133202 0.159538 0.159626 0.120155 0.092005 0.153353 0.135414 0.164103 0.167765 0.161386 0.170751 0.121061 0.118144 0.156302 0.143240 0.166720 0.141579 ;
];
X_settling = [];
X_settling_pattern = [];
