X = [0.373058 0.201382 0.063298 0.655845 0.797410 0.044981 0.933637 0.622598 0.968984 0.821115 0.852801 0.096199 0.959876 0.191144 0.957018 0.879281 0.961666 0.003754 0.089702 0.365279 ;
0.627304 0.061869 0.055544 0.589162 0.789620 0.061202 0.664136 0.663668 0.975266 0.731402 0.043190 0.044578 0.926951 0.310705 0.962418 0.556683 0.925849 0.858467 0.033864 0.202987 ;
0.547377 0.963094 0.068423 0.562874 0.647715 0.025127 0.220186 0.713317 0.987317 0.929128 0.844923 0.098239 0.019792 0.313441 0.986024 0.832427 0.964402 0.417646 0.068877 0.265197 ;
0.329442 0.610187 0.201847 0.678920 0.766182 0.058083 0.153665 0.463018 0.955870 0.839425 0.021487 0.048014 0.980484 0.964441 0.968054 0.855278 0.952145 0.082795 0.067327 0.143876 ;
0.455581 0.831727 0.199736 0.970307 0.829824 0.572309 0.226630 0.802079 0.159339 0.842245 0.014762 0.022012 0.951065 0.991323 0.655325 0.828844 0.031413 0.172179 0.029657 0.343825 ;
0.383841 0.953926 0.110061 0.923185 0.710459 0.238718 0.525221 0.908598 0.545390 0.939104 0.807281 0.059321 0.008652 0.838858 0.806706 0.879989 0.048403 0.334130 0.013124 0.424425 ;
0.435039 0.068821 0.178705 0.885500 0.876790 0.597129 0.872108 0.759619 0.266317 0.591049 0.031659 0.051047 0.857355 0.792194 0.483865 0.745977 0.021582 0.932780 0.038956 0.465391 ;
0.363170 0.115719 0.144917 0.949283 0.826019 0.277644 0.980814 0.812415 0.273543 0.789593 0.876698 0.064099 0.936701 0.375485 0.621938 0.917153 0.035391 0.014334 0.036751 0.655138 ;
0.579829 0.339119 0.951907 0.118087 0.035474 0.760670 0.315338 0.072684 0.255939 0.973250 0.134677 0.986681 0.802074 0.198684 0.949441 0.167602 0.688906 0.396382 0.914546 0.065244 ;
0.937869 0.341367 0.951592 0.206562 0.027380 0.869540 0.239771 0.065319 0.210433 0.974517 0.094930 0.993775 0.905081 0.948477 0.037879 0.050247 0.680050 0.027207 0.895979 0.051915 ;
0.030311 0.171579 0.924090 0.182456 0.036443 0.724481 0.397961 0.174540 0.133857 0.972260 0.057060 0.984585 0.812227 0.585927 0.274292 0.247323 0.495579 0.492984 0.874537 0.063607 ;
0.827242 0.400686 0.950796 0.152628 0.022087 0.099189 0.304898 0.120432 0.192387 0.977444 0.049837 0.989597 0.882171 0.147518 0.180551 0.282414 0.705929 0.598479 0.916429 0.068930 ;
0.893406 0.419398 0.872736 0.167151 0.929989 0.016728 0.976535 0.050848 0.235833 0.161999 0.720223 0.899701 0.007717 0.175928 0.255207 0.945977 0.050819 0.473598 0.972375 0.887183 ;
0.069975 0.164548 0.802587 0.126810 0.920582 0.600778 0.985231 0.046432 0.102545 0.085860 0.800056 0.916041 0.011252 0.520502 0.542843 0.913974 0.017286 0.506589 0.985937 0.853108 ;
0.947697 0.344929 0.806474 0.182420 0.921792 0.752670 0.963649 0.038802 0.201311 0.164090 0.812967 0.932506 0.020320 0.951065 0.032997 0.585477 0.046243 0.061376 0.975843 0.826385 ;
0.738700 0.574738 0.809979 0.124621 0.903891 0.627218 0.972429 0.029854 0.178408 0.115914 0.760757 0.879055 0.006302 0.257580 0.979646 0.896205 0.031911 0.330982 0.980139 0.791133 ;
];
X_settling = [];
X_settling_pattern = [];
