X = [0.143709 0.119951 0.164986 0.149471 0.115093 0.119752 0.162672 0.107364 0.116215 0.126185 0.116319 0.102257 0.151467 0.128337 0.108106 0.126783 0.137573 0.108432 0.107926 0.130766 ;
0.143734 0.119939 0.165135 0.149541 0.115097 0.119754 0.163006 0.107360 0.116218 0.126184 0.116327 0.102249 0.151493 0.128327 0.108106 0.126759 0.137591 0.108435 0.107951 0.130766 ;
0.143743 0.119935 0.165141 0.149530 0.115095 0.119753 0.162930 0.107351 0.116215 0.126179 0.116331 0.102193 0.151446 0.128326 0.108107 0.126768 0.137619 0.108455 0.107920 0.130766 ;
0.143710 0.119948 0.165009 0.149481 0.115092 0.119752 0.162693 0.107357 0.116210 0.126186 0.116315 0.102247 0.151454 0.128334 0.108106 0.126786 0.137580 0.108431 0.107916 0.130766 ;
0.143714 0.119924 0.165062 0.149470 0.115108 0.119753 0.162718 0.107352 0.116210 0.126182 0.116307 0.102262 0.151469 0.128335 0.108106 0.126772 0.137588 0.108422 0.107919 0.130764 ;
0.143742 0.119915 0.165202 0.149525 0.115112 0.119754 0.162954 0.107345 0.116214 0.126175 0.116323 0.102209 0.151462 0.128327 0.108106 0.126755 0.137622 0.108444 0.107922 0.130764 ;
0.143735 0.119939 0.165140 0.149543 0.115097 0.119754 0.163014 0.107360 0.116218 0.126184 0.116328 0.102249 0.151494 0.128326 0.108106 0.126758 0.137591 0.108435 0.107952 0.130766 ;
0.143717 0.119922 0.165035 0.149457 0.115113 0.119752 0.162716 0.107360 0.116217 0.126180 0.116309 0.102277 0.151485 0.128339 0.108106 0.126769 0.137586 0.108424 0.107935 0.130765 ;
0.143748 0.119911 0.165257 0.149557 0.115129 0.119755 0.163114 0.107343 0.116215 0.126182 0.116333 0.102271 0.151589 0.128321 0.108105 0.126737 0.137619 0.108424 0.107953 0.130766 ;
0.143742 0.119905 0.165199 0.149546 0.115129 0.119755 0.163056 0.107341 0.116215 0.126184 0.116325 0.102277 0.151590 0.128325 0.108105 0.126743 0.137623 0.108418 0.107944 0.130767 ;
0.143745 0.119911 0.165230 0.149542 0.115131 0.119755 0.163048 0.107341 0.116213 0.126182 0.116329 0.102274 0.151590 0.128323 0.108105 0.126741 0.137620 0.108422 0.107944 0.130765 ;
0.143736 0.119896 0.165145 0.149555 0.115126 0.119754 0.163059 0.107339 0.116218 0.126185 0.116318 0.102277 0.151591 0.128327 0.108104 0.126750 0.137633 0.108413 0.107943 0.130769 ;
0.143745 0.119943 0.165049 0.149498 0.115097 0.119753 0.162889 0.107356 0.116218 0.126188 0.116319 0.102260 0.151500 0.128334 0.108106 0.126774 0.137575 0.108429 0.107941 0.130767 ;
0.143734 0.119948 0.165065 0.149511 0.115094 0.119753 0.162893 0.107355 0.116218 0.126187 0.116321 0.102255 0.151499 0.128332 0.108106 0.126776 0.137572 0.108430 0.107940 0.130767 ;
0.143738 0.119946 0.165059 0.149506 0.115096 0.119753 0.162891 0.107355 0.116218 0.126188 0.116320 0.102257 0.151500 0.128333 0.108106 0.126775 0.137574 0.108430 0.107940 0.130767 ;
0.143734 0.119948 0.165072 0.149514 0.115094 0.119753 0.162906 0.107355 0.116218 0.126187 0.116322 0.102254 0.151499 0.128332 0.108106 0.126775 0.137572 0.108430 0.107942 0.130767 ;
];
X_settling = [];
X_settling_pattern = [];
