X = [0.586591 0.429367 0.266035 0.581239 0.658825 0.455459 0.415530 0.679186 0.831858 0.696342 0.459985 0.441049 0.531153 0.419701 0.502700 0.489383 0.500894 0.046198 0.217926 0.546967 ;
0.875939 0.111126 0.298385 0.584125 0.584417 0.495174 0.438498 0.722043 0.905434 0.733193 0.459985 0.272445 0.732829 0.433163 0.500955 0.018772 0.580799 0.810824 0.188161 0.491764 ;
0.527853 0.354852 0.482452 0.581244 0.647091 0.488503 0.473087 0.606387 0.859662 0.708948 0.464539 0.404564 0.149676 0.333080 0.501087 0.480107 0.482964 0.660601 0.240004 0.540466 ;
0.580986 0.473395 0.470104 0.584125 0.544586 0.486701 0.120715 0.599807 0.841053 0.679770 0.459985 0.436569 0.697694 0.279714 0.478405 0.589085 0.497102 0.422868 0.251783 0.513195 ;
0.527853 0.383787 0.501773 0.584125 0.594062 0.496919 0.230018 0.608656 0.385646 0.887485 0.509695 0.403262 0.515305 0.455736 0.477256 0.568107 0.507725 0.514325 0.159980 0.511670 ;
0.636007 0.414490 0.495171 0.579617 0.578400 0.488526 0.576652 0.583564 0.444564 0.885574 0.509695 0.473096 0.094746 0.481908 0.507585 0.462448 0.581950 0.828717 0.136631 0.542014 ;
0.875939 0.103442 0.334514 0.584125 0.605833 0.491803 0.576008 0.704428 0.525321 0.855036 0.507513 0.249306 0.576993 0.459557 0.500955 0.019765 0.495275 0.880755 0.211890 0.517929 ;
0.636628 0.417269 0.291481 0.570583 0.622283 0.455459 0.595794 0.670975 0.519729 0.875918 0.509695 0.399619 0.535529 0.453272 0.501617 0.400982 0.540979 0.104957 0.165765 0.555688 ;
0.527853 0.415210 0.852266 0.584125 0.109754 0.496919 0.370512 0.463064 0.352518 0.824114 0.460612 0.478858 0.652485 0.442946 0.404665 0.592806 0.744224 0.500325 0.428494 0.491764 ;
0.527853 0.457479 0.865993 0.584125 0.089607 0.496245 0.267879 0.426690 0.417101 0.858011 0.467645 0.623789 0.563700 0.926298 0.382751 0.574930 0.742832 0.026375 0.438449 0.494374 ;
0.567861 0.234669 0.857722 0.584125 0.106114 0.496919 0.392841 0.473435 0.325767 0.858590 0.470630 0.569269 0.464485 0.416577 0.383877 0.552663 0.709067 0.507404 0.366188 0.502255 ;
0.527853 0.375711 0.869904 0.530158 0.091052 0.495425 0.343294 0.450527 0.444370 0.856211 0.459985 0.408258 0.409938 0.461588 0.390630 0.486295 0.718641 0.355232 0.442636 0.503031 ;
0.627216 0.518655 0.620130 0.514708 0.667773 0.494754 0.691960 0.604970 0.527172 0.679770 0.459985 0.453043 0.099903 0.361244 0.502117 0.453719 0.040397 0.686500 0.442636 0.717000 ;
0.547792 0.294073 0.728458 0.584125 0.667773 0.490200 0.754027 0.606853 0.322106 0.737867 0.468584 0.535062 0.134025 0.311058 0.500955 0.549314 0.038269 0.557926 0.367565 0.716208 ;
0.527853 0.451138 0.706063 0.584125 0.667773 0.496919 0.686919 0.603399 0.428805 0.699088 0.462426 0.600246 0.160793 0.899947 0.500955 0.528672 0.066190 0.053635 0.442636 0.725261 ;
0.578531 0.537372 0.689347 0.584125 0.667773 0.491316 0.678460 0.569724 0.328653 0.755748 0.466649 0.438744 0.071466 0.294756 0.502653 0.539894 0.045425 0.693464 0.369924 0.734133 ;
];
X_settling = [];
X_settling_pattern = [];
