X = [0.586591 0.494096 0.132341 0.553741 0.864040 0.457284 0.266526 0.677875 0.810051 0.637756 0.462454 0.441049 0.531153 0.505974 0.555045 0.496413 0.575067 0.068446 0.222553 0.229806 ;
0.875939 0.217262 0.154459 0.504037 0.850143 0.509392 0.272466 0.721617 0.901543 0.733193 0.105543 0.272701 0.732829 0.433163 0.500848 0.018772 0.587890 0.810824 0.243992 0.165286 ;
0.527853 0.603156 0.288352 0.570140 0.819938 0.540642 0.261464 0.596061 0.857023 0.708948 0.775554 0.404895 0.149676 0.352133 0.518772 0.487117 0.465682 0.918218 0.259015 0.198674 ;
0.580986 0.796554 0.289975 0.547295 0.763429 0.488361 0.063794 0.599807 0.833903 0.650974 0.400120 0.436569 0.697694 0.792699 0.504142 0.589085 0.497102 0.422868 0.282408 0.177195 ;
0.527853 0.824070 0.484349 0.584125 0.623684 0.905434 0.224513 0.587908 0.379030 0.880410 0.440404 0.403488 0.515305 0.939552 0.469697 0.568107 0.516990 0.572516 0.047893 0.529943 ;
0.636007 0.562462 0.443689 0.514522 0.658473 0.903725 0.489494 0.559705 0.441615 0.885574 0.747021 0.473371 0.094746 0.800892 0.523221 0.473379 0.563427 0.965135 0.048913 0.505533 ;
0.875939 0.143064 0.334514 0.541629 0.733542 0.899887 0.574557 0.695403 0.509302 0.834335 0.141430 0.249430 0.576993 0.763437 0.513844 0.019765 0.494767 0.873448 0.077259 0.517929 ;
0.636628 0.414741 0.291481 0.538951 0.704129 0.891550 0.587373 0.664740 0.483116 0.831110 0.390912 0.399634 0.535529 0.669536 0.548593 0.432940 0.604633 0.113430 0.046182 0.502785 ;
0.527853 0.954649 0.845601 0.333794 0.115423 0.504115 0.335858 0.394555 0.349267 0.824114 0.077739 0.480367 0.652485 0.458833 0.404665 0.592806 0.743441 0.500101 0.882653 0.508681 ;
0.527853 0.602684 0.865993 0.256901 0.089607 0.583271 0.266092 0.426690 0.366317 0.858011 0.386520 0.624028 0.563700 0.935440 0.384358 0.574930 0.742123 0.028596 0.846506 0.494374 ;
0.567861 0.180689 0.857722 0.378814 0.110106 0.617886 0.391137 0.350787 0.325767 0.858590 0.261707 0.569269 0.464485 0.631811 0.379274 0.552663 0.708103 0.596911 0.697897 0.514505 ;
0.527853 0.290949 0.869904 0.284941 0.091052 0.495425 0.366179 0.403162 0.439665 0.856211 0.250794 0.408258 0.409938 0.461588 0.334158 0.613955 0.715393 0.452658 0.874665 0.520589 ;
0.627216 0.553814 0.620130 0.502338 0.856643 0.497908 0.694443 0.306119 0.380869 0.342207 0.611822 0.453043 0.099903 0.394085 0.424583 0.617724 0.040034 0.742927 0.442636 0.831048 ;
0.547792 0.515112 0.728458 0.582831 0.849658 0.588444 0.749010 0.247555 0.208473 0.398469 0.503715 0.535434 0.134025 0.426466 0.516862 0.549314 0.037850 0.554888 0.332575 0.871408 ;
0.527853 0.545759 0.706063 0.473244 0.853073 0.524897 0.685339 0.349783 0.246911 0.338120 0.753575 0.600340 0.160793 0.899646 0.500955 0.528672 0.066190 0.053458 0.454750 0.864406 ;
0.578531 0.989930 0.666418 0.584125 0.872825 0.568862 0.643650 0.333448 0.209267 0.404889 0.210076 0.440431 0.071466 0.359831 0.512463 0.539894 0.045944 0.770690 0.491059 0.863085 ;
];
X_settling = [];
X_settling_pattern = [];
