X = [0.057743 0.007347 0.059179 0.973742 0.965467 0.036623 0.021023 0.040293 0.092775 0.127659 0.027114 0.046556 0.969956 0.015479 0.446179 0.084336 0.056315 0.041204 0.999332 0.808590 ;
0.039851 0.006613 0.032114 0.976017 0.977434 0.027892 0.024027 0.045764 0.075737 0.111925 0.033651 0.039093 0.070113 0.027928 0.463785 0.056771 0.054517 0.034723 0.999955 0.797651 ;
0.057782 0.007351 0.059197 0.973737 0.965402 0.036653 0.021025 0.040309 0.092771 0.127708 0.027116 0.046580 0.969979 0.015484 0.446054 0.084406 0.056331 0.041235 0.999332 0.808549 ;
0.057756 0.007349 0.059185 0.973740 0.965446 0.036633 0.021024 0.040298 0.092774 0.127676 0.027115 0.046564 0.969964 0.015481 0.446134 0.084359 0.056321 0.041214 0.999332 0.808577 ;
0.057787 0.007341 0.059282 0.973743 0.965402 0.036628 0.021021 0.040285 0.092795 0.127690 0.027136 0.046547 0.970165 0.015471 0.446363 0.084430 0.056340 0.041239 0.999330 0.808518 ;
0.039837 0.006605 0.032123 0.976031 0.977437 0.027866 0.024023 0.045767 0.075733 0.111883 0.033704 0.039065 0.069996 0.027932 0.464003 0.056742 0.054510 0.034710 0.999955 0.797671 ;
0.039779 0.006578 0.032162 0.976089 0.977450 0.027781 0.024007 0.045783 0.075715 0.111736 0.033917 0.038958 0.069516 0.027950 0.464713 0.056627 0.054482 0.034658 0.999955 0.797759 ;
0.039845 0.006608 0.032118 0.976024 0.977435 0.027876 0.024025 0.045765 0.075735 0.111897 0.033676 0.039077 0.070062 0.027930 0.463929 0.056755 0.054513 0.034717 0.999955 0.797660 ;
0.039848 0.006607 0.032114 0.976021 0.977434 0.027875 0.024026 0.045764 0.075737 0.111880 0.033662 0.039073 0.070100 0.027928 0.463929 0.056752 0.054514 0.034719 0.999955 0.797654 ;
0.057729 0.007336 0.059189 0.973746 0.965490 0.036577 0.021020 0.040280 0.092788 0.127569 0.027119 0.046514 0.970002 0.015473 0.446507 0.084290 0.056306 0.041191 0.999332 0.808596 ;
0.057767 0.007331 0.059242 0.973747 0.965433 0.036569 0.021018 0.040275 0.092818 0.127530 0.027140 0.046499 0.970142 0.015468 0.446716 0.084358 0.056312 0.041218 0.999330 0.808557 ;
0.039840 0.006608 0.032122 0.976028 0.977437 0.027875 0.024024 0.045767 0.075734 0.111900 0.033692 0.039073 0.070018 0.027931 0.463921 0.056750 0.054511 0.034713 0.999955 0.797668 ;
0.057732 0.007336 0.059187 0.973746 0.965488 0.036578 0.021020 0.040280 0.092789 0.127574 0.027121 0.046514 0.970001 0.015473 0.446516 0.084297 0.056304 0.041191 0.999331 0.808600 ;
0.057732 0.007336 0.059187 0.973746 0.965488 0.036578 0.021020 0.040280 0.092789 0.127574 0.027121 0.046514 0.970002 0.015473 0.446517 0.084297 0.056304 0.041192 0.999331 0.808600 ;
0.057735 0.007336 0.059191 0.973746 0.965483 0.036577 0.021020 0.040280 0.092791 0.127571 0.027122 0.046513 0.970012 0.015473 0.446532 0.084302 0.056305 0.041194 0.999331 0.808596 ;
0.057756 0.007333 0.059221 0.973746 0.965451 0.036574 0.021019 0.040278 0.092806 0.127552 0.027133 0.046505 0.970089 0.015470 0.446643 0.084339 0.056309 0.041209 0.999330 0.808573 ;
];
X_settling = [];
X_settling_pattern = [];
