X = [0.123317 0.130720 0.125409 0.149001 0.120258 0.135712 0.125295 0.139753 0.121241 0.123095 0.129598 0.135931 0.110932 0.115852 0.149002 0.107038 0.105665 0.100257 0.111964 0.112211 ;
0.123319 0.130702 0.125466 0.149042 0.120248 0.135693 0.125292 0.139580 0.121196 0.123093 0.129640 0.135882 0.110927 0.115829 0.148982 0.107024 0.105620 0.100255 0.111987 0.112262 ;
0.123317 0.130721 0.125411 0.149003 0.120257 0.135713 0.125295 0.139752 0.121241 0.123095 0.129598 0.135930 0.110932 0.115852 0.149003 0.107038 0.105665 0.100257 0.111965 0.112211 ;
0.123315 0.130709 0.125503 0.149030 0.120256 0.135703 0.125292 0.139651 0.121204 0.123119 0.129640 0.135882 0.110927 0.115842 0.148969 0.107030 0.105651 0.100256 0.111964 0.112236 ;
0.123316 0.130684 0.125576 0.149120 0.120214 0.135679 0.125291 0.139570 0.121135 0.123109 0.129729 0.135851 0.110918 0.115855 0.148888 0.107010 0.105627 0.100242 0.111989 0.112286 ;
0.123316 0.130713 0.125432 0.149022 0.120251 0.135705 0.125294 0.139720 0.121220 0.123095 0.129620 0.135920 0.110929 0.115850 0.148980 0.107034 0.105656 0.100256 0.111968 0.112225 ;
0.123317 0.130716 0.125425 0.149016 0.120252 0.135706 0.125295 0.139740 0.121233 0.123094 0.129610 0.135925 0.110931 0.115848 0.148992 0.107034 0.105658 0.100254 0.111970 0.112219 ;
0.123316 0.130712 0.125434 0.149023 0.120251 0.135704 0.125294 0.139715 0.121217 0.123095 0.129624 0.135920 0.110929 0.115849 0.148976 0.107033 0.105655 0.100255 0.111968 0.112227 ;
0.123315 0.130728 0.125372 0.148982 0.120269 0.135718 0.125297 0.139829 0.121261 0.123087 0.129565 0.135959 0.110935 0.115856 0.149033 0.107045 0.105682 0.100260 0.111956 0.112176 ;
0.123313 0.130726 0.125436 0.148988 0.120263 0.135710 0.125297 0.139821 0.121256 0.123110 0.129576 0.135946 0.110931 0.115864 0.149010 0.107049 0.105676 0.100266 0.111957 0.112190 ;
0.123317 0.130726 0.125284 0.148940 0.120268 0.135724 0.125297 0.139885 0.121279 0.123068 0.129504 0.135992 0.110937 0.115875 0.149037 0.107062 0.105694 0.100276 0.111964 0.112166 ;
0.123319 0.130742 0.125220 0.148912 0.120271 0.135736 0.125300 0.139959 0.121325 0.123062 0.129455 0.136012 0.110941 0.115884 0.149083 0.107069 0.105701 0.100278 0.111963 0.112139 ;
0.123316 0.130749 0.125305 0.148937 0.120275 0.135735 0.125302 0.139919 0.121310 0.123088 0.129498 0.135975 0.110936 0.115866 0.149088 0.107060 0.105691 0.100269 0.111955 0.112141 ;
0.123316 0.130743 0.125327 0.148949 0.120272 0.135731 0.125300 0.139888 0.121296 0.123089 0.129518 0.135965 0.110935 0.115863 0.149070 0.107055 0.105686 0.100266 0.111957 0.112152 ;
0.123316 0.130741 0.125343 0.148957 0.120272 0.135731 0.125301 0.139870 0.121285 0.123092 0.129533 0.135955 0.110934 0.115863 0.149063 0.107053 0.105682 0.100265 0.111958 0.112160 ;
0.123315 0.130743 0.125325 0.148956 0.120273 0.135730 0.125301 0.139900 0.121292 0.123085 0.129521 0.135976 0.110936 0.115866 0.149073 0.107056 0.105692 0.100266 0.111954 0.112149 ;
];
X_settling = [];
X_settling_pattern = [];
