X = [0.560718 0.210908 0.126691 0.914202 0.876212 0.049280 0.215534 0.953285 0.969346 0.712819 0.925365 0.439333 0.849584 0.579006 0.788873 0.951542 0.839986 0.008220 0.238558 0.329629 ;
0.903884 0.029673 0.070186 0.961779 0.856473 0.081800 0.279795 0.973897 0.980860 0.772412 0.143280 0.225916 0.921964 0.322342 0.831170 0.030751 0.767775 0.763820 0.262881 0.131682 ;
0.320510 0.874710 0.270515 0.934654 0.836333 0.036504 0.264922 0.919272 0.993355 0.864877 0.874815 0.394305 0.205408 0.366335 0.931589 0.683947 0.791344 0.913635 0.275342 0.208171 ;
0.643015 0.687503 0.330353 0.889282 0.791540 0.038190 0.010864 0.960843 0.963703 0.805164 0.613719 0.313643 0.772548 0.961970 0.833704 0.762617 0.760792 0.421138 0.282408 0.161796 ;
0.488623 0.871794 0.516821 0.956687 0.743407 0.985658 0.055719 0.718386 0.099729 0.981045 0.457148 0.100664 0.665562 0.986628 0.275919 0.612092 0.177523 0.478922 0.051847 0.460373 ;
0.446170 0.791195 0.453952 0.956489 0.758034 0.983433 0.396504 0.692016 0.472588 0.988345 0.837377 0.217757 0.125347 0.801979 0.438719 0.574389 0.248239 0.978492 0.050146 0.453405 ;
0.898171 0.017164 0.171145 0.947165 0.838188 0.987323 0.484811 0.747585 0.137449 0.953840 0.194327 0.134928 0.828162 0.678020 0.309274 0.025148 0.164485 0.896994 0.077259 0.515296 ;
0.639356 0.071075 0.295734 0.947141 0.814451 0.981710 0.579610 0.682995 0.103550 0.955415 0.890772 0.215325 0.856721 0.659884 0.195519 0.889436 0.218689 0.019668 0.046182 0.598013 ;
0.703337 0.950510 0.940597 0.327923 0.108242 0.588143 0.338478 0.132940 0.221998 0.913741 0.054205 0.480367 0.979216 0.278552 0.956162 0.485785 0.760545 0.587571 0.903439 0.096091 ;
0.706578 0.616422 0.950650 0.309489 0.094067 0.774112 0.301690 0.210156 0.167869 0.955390 0.307653 0.616751 0.974528 0.963902 0.044570 0.412963 0.738301 0.033555 0.897982 0.118066 ;
0.683134 0.212110 0.950947 0.511877 0.087185 0.979306 0.317925 0.195267 0.125349 0.952010 0.193689 0.523566 0.962023 0.729291 0.243160 0.734904 0.612602 0.960007 0.709547 0.126218 ;
0.692452 0.052867 0.963234 0.299919 0.079684 0.527603 0.369823 0.229230 0.289277 0.953914 0.204818 0.587952 0.964962 0.546611 0.230099 0.451253 0.715393 0.508278 0.887432 0.149336 ;
0.754566 0.029160 0.868345 0.056120 0.928573 0.455486 0.628171 0.070270 0.303557 0.394084 0.739351 0.894432 0.133438 0.394141 0.342784 0.750277 0.036500 0.725842 0.708299 0.946181 ;
0.719713 0.324266 0.864483 0.096150 0.922031 0.967549 0.689552 0.033183 0.088452 0.411133 0.697394 0.834444 0.150029 0.310969 0.629712 0.878090 0.025556 0.915582 0.607114 0.942576 ;
0.672686 0.419462 0.827241 0.058819 0.925841 0.745865 0.683670 0.067362 0.163638 0.362941 0.828069 0.875714 0.183135 0.888602 0.060688 0.615640 0.065175 0.048980 0.784368 0.938194 ;
0.702862 0.984864 0.811424 0.102313 0.950954 0.599568 0.558116 0.033831 0.171549 0.462041 0.368337 0.788481 0.080097 0.129371 0.986780 0.711638 0.041825 0.633135 0.712056 0.919838 ;
];
X_settling = [];
X_settling_pattern = [];
