X = [0.474370 0.249754 0.050905 0.930293 0.933864 0.063737 0.232063 0.960821 0.970000 0.742799 0.846033 0.179544 0.816613 0.183591 0.944467 0.966184 0.812389 0.006512 0.216539 0.405783 ;
0.979673 0.028086 0.028647 0.978659 0.858784 0.083905 0.499394 0.969256 0.980744 0.760394 0.027837 0.122640 0.913856 0.298070 0.956952 0.030360 0.768160 0.755263 0.261023 0.133310 ;
0.410684 0.869752 0.066514 0.956576 0.838390 0.036018 0.276859 0.980579 0.993192 0.937286 0.782083 0.113842 0.170917 0.286233 0.987310 0.865122 0.817567 0.905051 0.288910 0.200236 ;
0.586657 0.925368 0.161880 0.950623 0.805672 0.041278 0.010864 0.956497 0.959017 0.832770 0.023221 0.097296 0.730571 0.940586 0.970105 0.850147 0.741988 0.098113 0.162965 0.107451 ;
0.538995 0.968439 0.486506 0.972785 0.749526 0.986908 0.082158 0.747472 0.085154 0.980711 0.012536 0.015837 0.644532 0.986628 0.311437 0.793597 0.193755 0.150460 0.028313 0.369268 ;
0.456004 0.843491 0.268197 0.982623 0.760840 0.983177 0.477194 0.905883 0.474935 0.994525 0.754098 0.032709 0.120065 0.730073 0.463199 0.827181 0.272934 0.983487 0.049588 0.453405 ;
0.961340 0.024000 0.171150 0.973375 0.842250 0.987165 0.738875 0.722979 0.137880 0.940185 0.025531 0.047000 0.791869 0.621064 0.254690 0.028307 0.160683 0.904865 0.072275 0.513489 ;
0.501911 0.070169 0.257834 0.955197 0.892552 0.985238 0.696886 0.679330 0.107959 0.954364 0.893187 0.070131 0.841848 0.237786 0.221735 0.915318 0.184077 0.032075 0.049540 0.678233 ;
0.737999 0.931211 0.937331 0.147067 0.096045 0.556750 0.185127 0.080023 0.204915 0.927359 0.027274 0.881077 0.973671 0.246874 0.960381 0.406301 0.884986 0.586883 0.975415 0.096091 ;
0.967400 0.470462 0.948861 0.126063 0.092768 0.746842 0.134802 0.121623 0.163897 0.955221 0.102399 0.921238 0.958537 0.956862 0.046273 0.441268 0.899337 0.022544 0.969129 0.107950 ;
0.685184 0.207503 0.943317 0.370003 0.089795 0.977183 0.188389 0.139363 0.122051 0.952390 0.061318 0.798838 0.958876 0.701526 0.238784 0.790230 0.790043 0.961256 0.941259 0.130843 ;
0.919557 0.039212 0.956968 0.128418 0.080632 0.486009 0.197794 0.148349 0.280504 0.952891 0.156717 0.926886 0.960124 0.489592 0.230362 0.524303 0.910330 0.805304 0.961017 0.148851 ;
0.947614 0.037835 0.833976 0.083077 0.929531 0.457653 0.635790 0.089315 0.194507 0.424400 0.832093 0.941219 0.011549 0.371913 0.363427 0.854678 0.017029 0.932018 0.682391 0.944021 ;
0.707638 0.385305 0.864483 0.104526 0.924287 0.967657 0.717786 0.034547 0.050293 0.418461 0.535438 0.900198 0.012990 0.252069 0.586678 0.916128 0.008548 0.919994 0.723004 0.943041 ;
0.966671 0.396032 0.827269 0.057347 0.925243 0.744439 0.691122 0.068110 0.100580 0.362266 0.701132 0.939244 0.015404 0.888602 0.054393 0.713998 0.023174 0.042523 0.772193 0.935745 ;
0.674331 0.989168 0.785147 0.081893 0.947433 0.598563 0.517332 0.048785 0.109642 0.505682 0.206337 0.848739 0.007964 0.104330 0.984228 0.764958 0.016809 0.599564 0.680978 0.919087 ;
];
X_settling = [];
X_settling_pattern = [];
