X = [0.527853 0.576465 0.454938 0.540915 0.756323 0.496919 0.787221 0.577143 0.437530 0.679770 0.506035 0.436017 0.638880 0.671748 0.366148 0.623301 0.528751 0.533095 0.449421 0.491764 ;
0.562123 0.443588 0.278041 0.584125 0.674576 0.496919 0.526751 0.694074 0.489569 0.679770 0.511640 0.441935 0.630205 0.450067 0.353560 0.560211 0.528751 0.532043 0.457196 0.491764 ;
0.564109 0.855882 0.448208 0.584125 0.689052 0.496919 0.454258 0.570330 0.429888 0.805124 0.483813 0.504106 0.636752 0.452420 0.427398 0.601756 0.528751 0.532752 0.442636 0.491764 ;
0.527853 0.451411 0.524899 0.563090 0.702826 0.496919 0.143394 0.531004 0.436789 0.679770 0.459985 0.315116 0.612741 0.971454 0.537642 0.750931 0.528751 0.532043 0.474199 0.491764 ;
0.552789 0.549215 0.499982 0.572943 0.679180 0.496919 0.182239 0.599807 0.429888 0.679770 0.471681 0.336625 0.624377 0.972818 0.543690 0.756623 0.528751 0.532043 0.442636 0.491764 ;
0.557075 0.851793 0.483537 0.584125 0.671105 0.496919 0.503003 0.622774 0.444229 0.822990 0.485109 0.435651 0.645944 0.627304 0.459353 0.559209 0.527712 0.532043 0.442636 0.489998 ;
0.545419 0.449178 0.273950 0.558407 0.704511 0.496919 0.523339 0.623813 0.489569 0.679770 0.469361 0.472214 0.605359 0.525218 0.491733 0.572473 0.528244 0.532043 0.481106 0.490903 ;
0.529561 0.496487 0.450569 0.524947 0.743404 0.496919 0.798304 0.602249 0.444315 0.679770 0.471982 0.459329 0.645605 0.463645 0.497228 0.571692 0.528751 0.533883 0.442963 0.491764 ;
0.680687 0.370263 0.729732 0.584125 0.667773 0.496919 0.503003 0.599807 0.429888 0.716430 0.475637 0.662025 0.596953 0.519421 0.452112 0.385806 0.527727 0.545870 0.442636 0.490023 ;
0.554816 0.398814 0.733902 0.584125 0.667773 0.496919 0.433308 0.555276 0.429888 0.679770 0.685723 0.720548 0.600272 0.961416 0.052284 0.388724 0.528751 0.545477 0.485844 0.491764 ;
0.527853 0.486750 0.734077 0.584125 0.678388 0.496919 0.565096 0.573859 0.435066 0.684820 0.462736 0.633125 0.598705 0.579307 0.498386 0.413156 0.523424 0.545870 0.473412 0.482716 ;
0.527853 0.477927 0.679726 0.584125 0.667773 0.496919 0.549318 0.526988 0.429888 0.679770 0.480917 0.720548 0.548795 0.530773 0.431922 0.361530 0.528751 0.544091 0.512950 0.491764 ;
0.527853 0.541572 0.463915 0.355470 0.840695 0.496919 0.675047 0.119669 0.443011 0.707786 0.485932 0.639745 0.121407 0.669468 0.365734 0.714872 0.528751 0.532043 0.733525 0.491764 ;
0.567379 0.466120 0.471117 0.349315 0.841410 0.496919 0.717405 0.111008 0.432457 0.689234 0.465471 0.644576 0.114409 0.576197 0.430957 0.708042 0.524254 0.532519 0.733525 0.484125 ;
0.538258 0.466120 0.442770 0.339129 0.809615 0.496919 0.637359 0.169836 0.429888 0.682473 0.685595 0.627534 0.161420 0.960246 0.042932 0.700134 0.528751 0.532043 0.685010 0.491764 ;
0.699019 0.575944 0.527675 0.339129 0.844388 0.496919 0.701392 0.114236 0.436465 0.720421 0.461592 0.691269 0.137031 0.633337 0.444008 0.694086 0.528751 0.532043 0.733525 0.491764 ;
];
X_settling = [];
X_settling_pattern = [];
